Month,Department,Budgeted Amount,Actual Spending,Variance
Dec,Finance,9701,9203,-498
Jul,HR,8726,5921,-2805
Jun,Sales,19127,20448,1321
Feb,Sales,13403,14716,1313
Aug,Operations,14801,16427,1626
Apr,Operations,19485,20301,816
Jan,Operations,9724,9778,54
Oct,IT,8185,10649,2464
Jul,Sales,6117,3566,-2551
Jun,Finance,9938,9869,-69
Aug,Operations,12122,15101,2979
Jul,HR,6932,5365,-1567
Jul,Marketing,9928,8042,-1886
Dec,Sales,8126,6306,-1820
Dec,Sales,18771,21332,2561
Jan,Finance,14304,12616,-1688
Aug,HR,19031,16343,-2688
Mar,Operations,5026,7300,2274
May,Marketing,10434,11670,1236
Oct,Marketing,12349,12431,82
Oct,Finance,6218,3226,-2992
Sep,IT,19349,21649,2300
Aug,Operations,18541,16040,-2501
Apr,Operations,13845,12626,-1219
Oct,IT,13706,12094,-1612
Dec,Operations,8911,10716,1805
Feb,Operations,11253,11560,307
Jul,Sales,17317,20087,2770
Apr,Finance,9259,7555,-1704
Jun,Sales,13902,12117,-1785
Oct,Operations,12091,10011,-2080
Aug,Finance,18811,20803,1992
Jul,IT,12443,15147,2704
Nov,IT,14425,11591,-2834
Dec,IT,17875,15033,-2842
May,Operations,9416,7343,-2073
Jul,Marketing,5273,5053,-220
Jun,Marketing,11036,12653,1617
Feb,Marketing,5356,7114,1758
Jul,Marketing,7094,7584,490
Jan,Marketing,19171,16669,-2502
Mar,IT,7855,10027,2172
May,IT,18543,18425,-118
Dec,Finance,9546,11349,1803
Jan,Finance,17823,16114,-1709
Nov,Finance,10959,8005,-2954
Dec,Marketing,14305,14187,-118
Jun,Sales,16852,18380,1528
Dec,Marketing,11601,12362,761
Nov,Marketing,12361,9605,-2756
Jun,Finance,15044,15358,314
Oct,IT,18099,17445,-654
Apr,Marketing,17761,17012,-749
Jul,Operations,12481,11014,-1467
Sep,Finance,12971,14761,1790
Jun,Marketing,12636,12929,293
Sep,Operations,10740,12542,1802
May,IT,13929,11880,-2049
Feb,Sales,16406,15931,-475
Oct,Sales,18376,19933,1557
Jan,Sales,19195,19920,725
Dec,Sales,15233,16631,1398
Oct,Operations,7317,5877,-1440
Jan,Finance,6720,5701,-1019
Mar,Operations,5481,3300,-2181
Apr,HR,10401,11538,1137
Oct,IT,9634,7981,-1653
Jul,Marketing,19978,19935,-43
Dec,Finance,18120,16678,-1442
Mar,Sales,6365,4050,-2315
Dec,Finance,17726,19338,1612
Mar,IT,9445,7182,-2263
Apr,Sales,11326,14041,2715
May,IT,8442,6118,-2324
Jul,Finance,6112,6493,381
Mar,Marketing,13028,12663,-365
Aug,HR,12796,10729,-2067
Jul,Finance,15977,18871,2894
May,Marketing,5238,5726,488
Nov,Finance,19426,21949,2523
Jan,IT,5903,6780,877
Dec,Finance,19676,17246,-2430
Jan,Finance,7134,9608,2474
Jul,Marketing,16130,17310,1180
Aug,Operations,19842,18193,-1649
May,Operations,9329,6732,-2597
Dec,HR,19092,17313,-1779
Aug,Operations,7095,5610,-1485
Mar,Marketing,19813,21133,1320
Dec,Marketing,11560,14295,2735
Apr,IT,7916,6213,-1703
Apr,Finance,13880,12939,-941
Dec,Sales,16172,15119,-1053
Jun,HR,12137,11461,-676
Jul,HR,9146,6512,-2634
Nov,Operations,19146,17949,-1197
Dec,IT,12030,11361,-669
Oct,IT,10852,8946,-1906
Oct,Operations,13718,15212,1494
May,HR,13109,13298,189
May,Operations,19013,18433,-580
Dec,HR,11163,8240,-2923
Nov,HR,6891,6937,46
Feb,HR,14526,16084,1558
Sep,Marketing,9074,10284,1210
May,IT,7276,8141,865
Jul,HR,19574,18545,-1029
Dec,HR,18227,18807,580
Mar,Finance,14448,16267,1819
Aug,Marketing,8218,10173,1955
Sep,Finance,14371,15168,797
Jul,Finance,13384,14567,1183
Jun,Operations,14517,11837,-2680
Mar,Operations,6106,5245,-861
Nov,Marketing,13399,12576,-823
May,Operations,11751,10603,-1148
Jan,Operations,16776,17577,801
Dec,IT,10792,7952,-2840
Dec,Marketing,9311,9194,-117
Nov,HR,17937,20691,2754
Apr,Operations,15459,13181,-2278
Jun,Marketing,19565,18580,-985
Apr,Finance,13331,11694,-1637
Jul,Operations,19684,17162,-2522
Oct,Marketing,19668,21175,1507
Mar,IT,5662,3915,-1747
Apr,Operations,7280,9387,2107
Jul,IT,15056,15654,598
May,Sales,8402,10129,1727
Mar,Marketing,15982,13192,-2790
Apr,Marketing,7223,4439,-2784
May,IT,19980,22436,2456
Feb,Operations,15912,13325,-2587
Jun,HR,14749,12796,-1953
Jan,Operations,13641,11743,-1898
Jul,Marketing,11772,11847,75
May,IT,15277,14730,-547
Jun,Finance,19716,18358,-1358
May,Operations,17763,16091,-1672
Jul,Marketing,12149,12834,685
Aug,Operations,18691,17374,-1317
Feb,Sales,15975,15948,-27
Nov,Operations,5650,8145,2495
Sep,Finance,16563,14641,-1922
Aug,Finance,13591,15660,2069
Feb,HR,13801,15302,1501
Jan,Finance,16967,14000,-2967
Apr,Marketing,6963,9727,2764
Mar,HR,5354,6831,1477
Feb,Sales,14565,14677,112
Nov,Operations,18291,17585,-706
Dec,Finance,7643,5871,-1772
Aug,Marketing,16224,16429,205
Dec,Operations,15805,16166,361
Jan,HR,11049,8398,-2651
Apr,Finance,7235,9579,2344
May,Marketing,8049,7092,-957
Aug,Operations,5433,2594,-2839
Jan,Operations,8808,6801,-2007
Jun,HR,15523,16880,1357
Sep,HR,18422,19568,1146
Mar,HR,17983,15175,-2808
Aug,HR,8399,9537,1138
Jun,Operations,13839,12800,-1039
Jun,Marketing,7892,7302,-590
Jul,Finance,19177,20171,994
Oct,Finance,10724,11770,1046
Jun,Marketing,19884,20453,569
May,Marketing,17958,20460,2502
Feb,Operations,17682,16480,-1202
Nov,Finance,11943,13875,1932
Oct,Operations,16031,17699,1668
Nov,HR,11098,11747,649
Aug,HR,15557,12888,-2669
Oct,Operations,18580,20593,2013
May,Finance,10558,12546,1988
Mar,HR,15104,14413,-691
Mar,HR,9237,7336,-1901
Feb,Finance,5599,7117,1518
Jun,Sales,8042,6299,-1743
Jul,HR,7273,7484,211
Dec,IT,14930,15339,409
Jul,Operations,9189,12056,2867
May,HR,10002,7913,-2089
Nov,Sales,16566,18813,2247
Dec,Sales,10726,12211,1485
Feb,Sales,15132,16329,1197
May,HR,15926,16513,587
Apr,HR,12393,12762,369
May,IT,7151,8023,872
Oct,IT,14587,14003,-584
Sep,Marketing,11570,10535,-1035
Jan,Marketing,12633,10049,-2584
Nov,Operations,10997,8779,-2218
Jan,Sales,9060,6310,-2750
May,IT,17530,17550,20
Sep,HR,6683,8498,1815
Jul,HR,11156,12146,990
Dec,HR,14129,16524,2395
Jan,Marketing,18481,16878,-1603
Sep,Finance,12612,12756,144
May,Finance,10407,9757,-650
May,Marketing,17079,17290,211
Oct,Marketing,19454,17235,-2219
Dec,Sales,16217,15941,-276
Jul,HR,9397,11696,2299
Nov,IT,6652,6314,-338
Jan,Operations,19614,21052,1438
Nov,HR,12622,10562,-2060
Sep,Sales,10852,12986,2134
Nov,Sales,8333,8528,195
Aug,Marketing,14732,16410,1678
Jul,HR,7225,5626,-1599
Jun,IT,12659,11411,-1248
Feb,Finance,5259,3999,-1260
Oct,Marketing,8308,6472,-1836
Nov,Sales,15249,13736,-1513
Feb,Operations,5032,5005,-27
Oct,IT,18284,17308,-976
Nov,Finance,15776,15465,-311
Oct,HR,15307,13600,-1707
Jun,HR,5551,3969,-1582
Nov,Finance,8357,7015,-1342
Dec,Marketing,15661,14162,-1499
Jan,Sales,10559,12730,2171
Oct,IT,7493,9196,1703
Mar,HR,19522,19351,-171
Aug,Sales,10760,13208,2448
Sep,Sales,10868,12899,2031
Feb,HR,12468,12268,-200
Apr,Marketing,16420,18257,1837
Nov,Sales,11072,13306,2234
Oct,Marketing,5530,3285,-2245
Feb,Operations,18521,16884,-1637
Aug,Marketing,14275,14020,-255
May,Marketing,16945,18552,1607
Dec,HR,19679,21610,1931
Jan,IT,8005,10872,2867
Nov,Finance,15817,13147,-2670
Dec,Operations,17841,17948,107
Jul,Operations,14070,11348,-2722
Mar,IT,14994,13686,-1308
Apr,IT,9971,12916,2945
Jul,IT,6439,7906,1467
Jan,IT,8845,8523,-322
May,IT,16115,17143,1028
Feb,IT,17585,14720,-2865
Jun,IT,18996,20965,1969
Apr,IT,12235,9957,-2278
Aug,Sales,7753,9077,1324
Jun,IT,7970,10847,2877
Aug,Marketing,10567,8878,-1689
Jul,IT,10223,9899,-324
Jan,IT,9763,10466,703
May,Sales,16237,15853,-384
Aug,HR,5641,7159,1518
Jan,IT,9941,11947,2006
Oct,Sales,13184,12183,-1001
Mar,Sales,8452,9980,1528
Mar,HR,8590,8143,-447
Dec,IT,9346,6939,-2407
Feb,Sales,15665,16162,497
Dec,Finance,10248,11405,1157
Feb,Sales,17424,19066,1642
Dec,HR,16454,13933,-2521
Jul,Marketing,13851,13780,-71
Sep,Finance,7136,9504,2368
Sep,Operations,13991,15688,1697
Mar,Marketing,16912,14781,-2131
Oct,Sales,6523,9309,2786
May,Sales,10838,12084,1246
May,Finance,6314,4748,-1566
May,Sales,13620,13637,17
Nov,Finance,19342,20415,1073
Jun,Operations,14910,13445,-1465
Nov,Finance,6410,7820,1410
May,Marketing,10338,7542,-2796
Oct,Marketing,19839,21246,1407
Feb,Sales,12875,10020,-2855
Jan,Sales,5923,3561,-2362
Sep,Finance,6710,7428,718
Feb,IT,14331,12377,-1954
Aug,HR,5689,8277,2588
Oct,HR,6411,4170,-2241
Jun,IT,9942,8111,-1831
Mar,IT,8720,10294,1574
May,Finance,18208,17995,-213
Jul,Sales,16354,13596,-2758
Jun,HR,6315,6399,84
Oct,Marketing,6694,9158,2464
Aug,IT,11304,9800,-1504
Mar,Marketing,16055,15478,-577
Jan,Marketing,17011,17243,232
Dec,IT,18835,16625,-2210
Oct,HR,15857,17400,1543
May,Sales,7671,7127,-544
Mar,Operations,8135,6626,-1509
Apr,Finance,13898,13710,-188
Mar,Marketing,8200,8283,83
Feb,Sales,9196,6300,-2896
Dec,Operations,11925,11312,-613
Oct,Operations,5112,7327,2215
Jan,Marketing,13362,10892,-2470
Feb,HR,16187,14749,-1438
Feb,Marketing,10920,9045,-1875
Jul,HR,18518,19552,1034
Jul,IT,9324,10247,923
Mar,Operations,18839,21418,2579
Oct,IT,12670,14071,1401
Oct,Sales,19285,19966,681
Jun,Operations,10983,13103,2120
Feb,Finance,19890,19643,-247
Mar,HR,6968,7642,674
May,HR,5237,5508,271
Jan,HR,8744,9533,789
Aug,IT,15391,13536,-1855
Aug,Sales,7058,8931,1873
Nov,Operations,13547,10603,-2944
Aug,IT,6091,5319,-772
Apr,Operations,6619,7038,419
Mar,Marketing,12175,13230,1055
Aug,HR,8918,6705,-2213
Feb,Sales,12086,15047,2961
Mar,Operations,7489,4551,-2938
May,Operations,5360,3997,-1363
May,HR,18803,16879,-1924
Mar,Marketing,15271,12554,-2717
Dec,Finance,17059,15685,-1374
Feb,Operations,10977,9287,-1690
Nov,Finance,16743,17051,308
Feb,IT,14638,16153,1515
Oct,IT,16934,19609,2675
Jun,HR,14659,16173,1514
Apr,Sales,11612,13501,1889
Feb,Marketing,13630,11414,-2216
Oct,Operations,6961,4900,-2061
Aug,HR,17913,18778,865
Jun,Finance,15282,14083,-1199
Feb,Finance,19303,20348,1045
May,Operations,18392,16720,-1672
Feb,Marketing,7553,9018,1465
Jul,Sales,7970,7150,-820
Nov,Operations,13825,12327,-1498
Jul,Sales,12366,14352,1986
Sep,Finance,10021,11026,1005
May,IT,8572,10144,1572
Sep,IT,17474,14670,-2804
Apr,Marketing,12142,11930,-212
Apr,Marketing,6653,7110,457
Sep,Finance,19128,21120,1992
Nov,HR,6443,4099,-2344
Nov,Marketing,8153,5706,-2447
Feb,Marketing,15152,12219,-2933
Dec,Finance,11151,13082,1931
Jan,Sales,15027,12312,-2715
Nov,Sales,18580,19925,1345
Apr,IT,6311,5716,-595
Sep,Finance,14512,14410,-102
Jun,Marketing,8939,9408,469
Apr,HR,15510,16038,528
Oct,HR,6880,6643,-237
Nov,Finance,9674,10333,659
Feb,HR,6311,6695,384
Sep,IT,19047,21521,2474
May,Finance,10275,12342,2067
Jun,HR,13094,12768,-326
Mar,HR,5357,6075,718
Nov,HR,5983,7844,1861
Dec,IT,13967,16509,2542
Jul,Operations,16701,15781,-920
Oct,Marketing,5281,3141,-2140
Nov,Sales,16520,14696,-1824
May,Finance,7856,7223,-633
May,Sales,19544,22424,2880
Jun,Sales,13430,13409,-21
Dec,Finance,16828,17930,1102
Aug,Operations,10168,12307,2139
Feb,HR,8592,6312,-2280
Mar,Finance,10774,9309,-1465
Jun,IT,10977,7993,-2984
May,Finance,15643,12679,-2964
Dec,Sales,19810,19919,109
Oct,Finance,6669,8550,1881
Feb,Operations,9608,9457,-151
Dec,IT,17341,16626,-715
Sep,Operations,11163,13197,2034
Jun,Marketing,8393,6595,-1798
Jun,IT,16880,14428,-2452
Dec,Operations,10411,11036,625
Jun,IT,14421,16277,1856
Oct,Sales,17631,16956,-675
Jun,HR,8181,6474,-1707
Feb,Operations,13521,13510,-11
Nov,HR,12862,13496,634
Jun,Finance,16138,13993,-2145
Dec,IT,13913,14052,139
Oct,Sales,11261,13391,2130
Oct,Finance,9678,12225,2547
Apr,Marketing,8344,7325,-1019
Jun,IT,8311,11055,2744
Sep,Marketing,16900,18899,1999
Mar,IT,19721,20227,506
Aug,HR,10668,8591,-2077
Apr,Marketing,11197,10867,-330
Jul,IT,7315,5447,-1868
Nov,HR,5348,6038,690
Jun,Finance,5371,6049,678
Mar,HR,6445,5805,-640
Feb,Sales,15748,17325,1577
Jun,Operations,15276,18007,2731
Apr,IT,17249,18880,1631
Aug,HR,18366,18654,288
Jun,Operations,16826,17734,908
Oct,Operations,16255,18573,2318
Dec,Sales,9508,11814,2306
Jun,Operations,11118,9928,-1190
Jun,Operations,6491,8923,2432
Jul,Marketing,19185,18897,-288
Dec,Operations,6644,7495,851
Sep,IT,14598,16353,1755
Mar,IT,15064,14272,-792
Aug,Marketing,7222,6792,-430
Sep,Finance,11696,12445,749
Mar,Sales,16307,18023,1716
Jun,IT,14057,14967,910
Jul,Operations,6023,4215,-1808
May,HR,11424,9516,-1908
Sep,HR,9207,11447,2240
Sep,Sales,8760,11602,2842
Jul,Operations,6166,4850,-1316
Mar,Operations,6922,7429,507
Jun,HR,5226,3376,-1850
Nov,IT,18825,19300,475
Jan,HR,5649,4261,-1388
Apr,Finance,9980,8216,-1764
Aug,Finance,13312,12655,-657
Apr,IT,10241,10055,-186
Aug,IT,10760,7766,-2994
Dec,IT,16530,19118,2588
Aug,HR,6523,7788,1265
Dec,Marketing,14063,15797,1734
Apr,IT,12275,12828,553
Jan,Operations,8210,5460,-2750
Mar,Sales,7473,7487,14
Apr,Sales,18978,21033,2055
Mar,Finance,16012,18735,2723
Apr,IT,18728,17545,-1183
Jun,Operations,6347,5825,-522
Oct,Marketing,16423,16326,-97
Dec,IT,19910,22535,2625
Jun,Operations,8588,5624,-2964
Jun,Marketing,15547,14552,-995
Sep,IT,16705,14424,-2281
Mar,Marketing,10089,7624,-2465
Dec,Operations,6797,8592,1795
Jul,Sales,14107,16738,2631
Jul,Finance,15383,13183,-2200
Apr,Finance,17841,19927,2086
Mar,IT,13723,11183,-2540
Apr,HR,9806,12785,2979
Apr,IT,8378,7367,-1011
May,Operations,6625,9279,2654
Nov,Marketing,12444,11267,-1177
Mar,Marketing,9852,12422,2570
Aug,Operations,8446,9979,1533
Dec,Marketing,5217,4909,-308
Sep,Sales,13807,14099,292
Aug,IT,10700,13012,2312
Feb,Sales,18138,15518,-2620
May,HR,11155,8457,-2698
Jun,HR,11822,11115,-707
Mar,Operations,12888,14371,1483
Jun,Sales,18346,17942,-404
Aug,Finance,15091,14057,-1034
Oct,Sales,6396,4570,-1826
Aug,IT,17355,19114,1759
Jul,Marketing,12745,13360,615
Dec,Sales,14689,14933,244
Sep,Finance,19792,20724,932
Feb,Finance,12868,11548,-1320
Jun,Marketing,18703,17849,-854
Dec,Sales,10501,11430,929
Nov,Finance,10803,12376,1573
May,IT,12445,11856,-589
Apr,IT,9420,7965,-1455
Oct,IT,17864,15306,-2558
Jul,IT,7312,9495,2183
Jun,Sales,5436,4637,-799
Sep,IT,17996,19038,1042
Apr,Operations,8525,9482,957
Sep,Marketing,11768,9895,-1873
Jun,Marketing,19084,19748,664
Aug,Marketing,10780,10949,169
Aug,Finance,17599,17400,-199
Apr,IT,15372,15041,-331
Apr,HR,11476,12494,1018
Aug,Marketing,9796,7902,-1894
Apr,HR,14028,13104,-924
Dec,Operations,15064,15781,717
Mar,Operations,14732,13539,-1193
Jan,Finance,15742,16558,816
Apr,IT,11780,9063,-2717
Apr,Marketing,7568,7908,340
Jan,IT,13760,11198,-2562
Nov,IT,8167,10148,1981
Jul,Finance,15840,16301,461
Dec,Finance,18673,17507,-1166
Jan,Operations,16382,19135,2753
Oct,HR,6145,5420,-725
Jan,Finance,16313,19176,2863
Aug,Marketing,17950,16311,-1639
Jul,Finance,9752,10066,314
Oct,Finance,5204,6036,832
Sep,Sales,12929,15096,2167
Jun,Sales,9614,11850,2236
Sep,Finance,9121,8089,-1032
Jan,Marketing,17858,17061,-797
Apr,HR,13632,16528,2896
Nov,HR,8103,8886,783
Aug,Sales,17963,16116,-1847
Aug,Operations,10304,8512,-1792
Jul,HR,9189,7902,-1287
Jan,IT,18170,20225,2055
Jun,Operations,19361,16655,-2706
Oct,Finance,17829,17617,-212
Jul,Marketing,8805,6832,-1973
Jan,Finance,11920,10770,-1150
May,IT,14467,16805,2338
Oct,HR,16745,15807,-938
Apr,Marketing,8857,7962,-895
Feb,HR,9079,9945,866
Feb,HR,5662,5122,-540
Oct,HR,14297,11678,-2619
Sep,Finance,9485,8228,-1257
Feb,IT,13870,14416,546
May,Operations,19160,19357,197
Mar,HR,15253,17865,2612
Nov,Operations,11470,9960,-1510
Jun,Sales,15004,13619,-1385
Jun,IT,15992,18429,2437
Dec,Sales,13854,14328,474
Oct,Sales,16331,16572,241
Feb,Marketing,8165,9089,924
Jan,Sales,5123,6337,1214
Jan,Operations,9571,11372,1801
Feb,Sales,16172,14587,-1585
Dec,HR,15173,17971,2798
Feb,Marketing,12817,10532,-2285
Jun,HR,11974,9735,-2239
May,Marketing,16533,14096,-2437
Oct,Sales,8093,9304,1211
Sep,Operations,19102,20285,1183
Nov,Finance,5853,5433,-420
Jun,Finance,6991,7414,423
Dec,IT,15882,13367,-2515
Feb,Marketing,18836,16397,-2439
Jul,Operations,10219,11316,1097
Nov,Marketing,10557,9680,-877
Aug,Marketing,14466,16274,1808
Oct,Sales,6179,8341,2162
Aug,Operations,6203,4014,-2189
Jun,Sales,13738,11420,-2318
May,HR,13607,11067,-2540
May,Sales,13905,13752,-153
Aug,Marketing,9763,8341,-1422
Jun,IT,12019,11663,-356
Mar,Sales,10311,10481,170
Aug,Marketing,5900,4350,-1550
May,Finance,18250,19678,1428
Aug,Finance,15158,14425,-733
Apr,Operations,17599,18697,1098
Sep,Operations,15987,15109,-878
Jan,IT,13399,14645,1246
Nov,HR,11513,11702,189
Apr,IT,13525,13114,-411
Feb,Finance,8978,9673,695
Oct,Marketing,18407,19803,1396
Aug,Marketing,9107,8784,-323
May,Finance,7064,5183,-1881
Mar,Operations,12259,15191,2932
Aug,Sales,9373,12218,2845
Nov,Sales,12281,9991,-2290
Aug,Operations,12682,13350,668
Sep,HR,15583,16141,558
Feb,Sales,14005,15463,1458
Apr,IT,11987,11146,-841
Aug,Finance,13488,15620,2132
Mar,Operations,18961,19464,503
Sep,IT,9118,9398,280
May,Finance,19237,20018,781
Feb,Sales,16484,18038,1554
Mar,Operations,13504,16026,2522
Jun,Marketing,5341,3451,-1890
Dec,Marketing,15310,14180,-1130
May,Finance,18150,18150,0
Oct,IT,11830,13519,1689
Oct,Marketing,10387,12905,2518
Mar,IT,16469,15230,-1239
Jun,HR,7456,4992,-2464
Jun,HR,6382,9128,2746
May,Finance,6673,4823,-1850
Mar,Operations,12887,14451,1564
Jul,Finance,11839,9560,-2279
Sep,Finance,9636,11045,1409
Sep,IT,13199,12736,-463
Apr,IT,14164,16642,2478
Apr,IT,12879,11916,-963
Nov,Sales,11563,13125,1562
Dec,Sales,6902,4041,-2861
Nov,Sales,19456,22380,2924
Sep,IT,12540,15125,2585
Jun,Finance,10657,12498,1841
Jan,Marketing,9049,10008,959
Mar,Finance,12859,10449,-2410
Mar,HR,18680,20475,1795
May,Marketing,12306,9873,-2433
Dec,Operations,15496,15907,411
Mar,Sales,9567,11486,1919
Jun,Marketing,5049,4877,-172
Nov,HR,12499,14896,2397
Jan,IT,17366,15709,-1657
Jan,Finance,17406,14739,-2667
Nov,Finance,5077,4372,-705
Sep,Finance,17363,20036,2673
Feb,Marketing,14306,15638,1332
Apr,Finance,9838,7499,-2339
Jun,Finance,9234,11245,2011
Jun,Operations,6874,4613,-2261
Jan,Operations,16823,18594,1771
Oct,Finance,18569,17894,-675
Jun,Sales,10235,8674,-1561
Oct,Operations,18618,15909,-2709
Apr,Finance,19170,16805,-2365
Sep,Marketing,18315,18731,416
Dec,Operations,12949,11569,-1380
May,Finance,16048,16361,313
Feb,Finance,8166,5337,-2829
Aug,Finance,9814,12809,2995
Dec,Operations,18536,15776,-2760
Jul,Finance,9638,7694,-1944
Jul,HR,7308,6776,-532
Mar,Sales,10934,9381,-1553
Jun,Marketing,9351,6659,-2692
Aug,HR,13243,10749,-2494
Apr,Sales,15622,13582,-2040
Jan,IT,6457,8209,1752
Jul,Operations,9147,10703,1556
Jul,Operations,12209,11383,-826
Aug,Finance,9326,11975,2649
Jun,Sales,7638,7648,10
Apr,Sales,19330,16581,-2749
Jun,Operations,14743,16718,1975
Oct,IT,17614,17089,-525
May,IT,12914,11046,-1868
Nov,Sales,11466,11861,395
Nov,Operations,17768,15558,-2210
Feb,Sales,6159,5454,-705
Aug,Finance,10551,10358,-193
Sep,Operations,14464,13375,-1089
Feb,Marketing,15076,12950,-2126
Oct,Sales,12391,12727,336
Dec,Sales,17837,16806,-1031
Oct,IT,10123,8942,-1181
Aug,Marketing,14424,15434,1010
Nov,IT,16070,15539,-531
Nov,Operations,17097,15888,-1209
Jan,Marketing,17963,20281,2318
Sep,Finance,12170,14981,2811
Feb,Finance,5363,7626,2263
Sep,Marketing,17833,20302,2469
Mar,Operations,9398,8153,-1245
Jun,Operations,18753,15853,-2900
Dec,Operations,7472,5361,-2111
Jun,Marketing,19579,21567,1988
Jul,Sales,18372,15481,-2891
Oct,Sales,19297,18758,-539
Feb,Sales,11515,12917,1402
Dec,HR,9917,12459,2542
Aug,Operations,19946,18209,-1737
Jul,Sales,17141,15293,-1848
Jun,Operations,10174,11712,1538
Apr,Marketing,14948,12997,-1951
Jul,Marketing,5843,6360,517
Jul,IT,10429,12373,1944
Aug,HR,9377,8995,-382
Oct,Operations,14160,17094,2934
Nov,Marketing,8833,11210,2377
Apr,Finance,15024,13390,-1634
Dec,Finance,5412,3621,-1791
Aug,Finance,14267,16733,2466
Jul,Finance,17099,18790,1691
Jun,Operations,19353,20397,1044
Jun,Finance,12228,14065,1837
Jan,IT,18780,20187,1407
Jan,IT,9372,7730,-1642
May,IT,12646,13575,929
Dec,Marketing,10990,10306,-684
Sep,HR,15762,14311,-1451
Jun,Finance,17389,16070,-1319
Oct,IT,16303,17460,1157
Dec,Operations,18796,20493,1697
May,HR,16356,13779,-2577
Mar,HR,9982,7558,-2424
Feb,Operations,9443,11045,1602
Dec,Marketing,6531,9292,2761
May,Finance,8386,7254,-1132
Dec,Operations,9295,11782,2487
Nov,Operations,17197,15710,-1487
Sep,HR,5264,7601,2337
Oct,HR,9793,11290,1497
Feb,IT,15038,14634,-404
Jul,Operations,12066,14957,2891
Feb,Sales,6916,6187,-729
May,Sales,18212,18702,490
Sep,Sales,19230,19384,154
Jun,HR,12380,11849,-531
Aug,Finance,13670,12235,-1435
Mar,Finance,14188,12969,-1219
Apr,HR,10092,11369,1277
Apr,Sales,14080,13469,-611
Jul,Sales,18314,19739,1425
May,IT,15472,13038,-2434
Sep,Operations,10954,11295,341
Apr,Sales,19800,16925,-2875
Mar,Finance,18110,16891,-1219
Dec,Finance,18913,16128,-2785
Feb,Operations,15792,17579,1787
Nov,HR,7774,6432,-1342
Jun,Operations,18997,20233,1236
Jan,IT,17014,14700,-2314
Feb,IT,10538,9592,-946
Jan,HR,15848,13787,-2061
Feb,Sales,9577,10672,1095
Feb,Sales,8843,10304,1461
Sep,Operations,10755,10377,-378
Feb,Finance,9650,7857,-1793
Dec,IT,14775,15355,580
Oct,Operations,13818,12811,-1007
Jun,Operations,9829,12654,2825
Jan,Sales,7005,5719,-1286
Dec,HR,9027,10856,1829
May,HR,8999,10836,1837
Oct,Marketing,11784,10430,-1354
Dec,Sales,16264,13906,-2358
Apr,Operations,5236,6715,1479
Nov,Sales,17286,19736,2450
Jan,HR,6901,5857,-1044
Dec,Operations,8249,10107,1858
Feb,HR,10839,11744,905
Jun,IT,8502,7113,-1389
Aug,Sales,8642,7933,-709
Jun,IT,5669,4221,-1448
Nov,HR,18273,19552,1279
Feb,HR,10774,12369,1595
Feb,Operations,14881,13766,-1115
Oct,HR,5289,8111,2822
Oct,Sales,7079,6069,-1010
Sep,Operations,17682,18213,531
Feb,IT,18765,18218,-547
Oct,Sales,19557,19999,442
Aug,Sales,18127,19711,1584
Aug,Finance,15512,16683,1171
Jul,Sales,19380,21445,2065
Oct,Marketing,17629,15832,-1797
Jul,HR,12773,15324,2551
Aug,Sales,6177,6705,528
Oct,IT,16986,17403,417
Dec,Finance,12080,10624,-1456
Jun,IT,18636,18221,-415
Mar,Operations,7554,9526,1972
Jan,Marketing,18729,18216,-513
Feb,Marketing,13656,13329,-327
Mar,IT,16887,15592,-1295
Nov,Sales,13786,13741,-45
Mar,Sales,13467,11504,-1963
Oct,IT,8257,10715,2458
Jun,Finance,17700,18104,404
Jun,Finance,14116,12277,-1839
Oct,Finance,10437,12040,1603
Apr,IT,5099,6199,1100
Oct,HR,7882,6417,-1465
Feb,HR,17864,19037,1173
Feb,Finance,15130,16579,1449
Oct,Operations,11747,11582,-165
Apr,Operations,6620,7669,1049
Feb,Marketing,19571,17874,-1697
Apr,IT,18673,16806,-1867
Dec,Operations,11187,10983,-204
Oct,Marketing,15591,14960,-631
Jun,Finance,8061,10754,2693
Mar,Operations,14258,17132,2874
Nov,HR,6689,7915,1226
Apr,Finance,12887,14374,1487
Aug,IT,9434,9659,225
Oct,HR,9191,7755,-1436
May,Sales,12070,14471,2401
Oct,Marketing,7273,4817,-2456
Sep,Marketing,12677,14856,2179
Dec,IT,16693,15733,-960
Dec,Marketing,7055,6714,-341
Feb,HR,19504,21840,2336
Oct,Finance,14934,13660,-1274
Apr,Finance,7887,6439,-1448
Sep,HR,7426,7905,479
Feb,Operations,17986,18921,935
Apr,Finance,11601,9319,-2282
Jan,Operations,19521,22198,2677
Mar,HR,12116,11317,-799
Nov,Sales,15484,12898,-2586
Jul,Operations,10269,12614,2345
Jan,Marketing,5631,3779,-1852
Jan,IT,9548,7037,-2511
Jun,Finance,18493,16574,-1919
Apr,Finance,19675,21573,1898
Apr,Sales,17512,17442,-70
Mar,Finance,5483,8477,2994
Aug,Marketing,16367,13653,-2714
Oct,Finance,17328,15646,-1682
Feb,Finance,16559,15831,-728
Dec,Finance,15632,13262,-2370
Jan,Operations,11426,9855,-1571
Feb,IT,18793,16670,-2123
Dec,Marketing,12473,10738,-1735
Feb,Finance,16642,18079,1437
Feb,IT,9121,6532,-2589
Jul,HR,9568,10576,1008
Oct,Marketing,13422,11851,-1571
Oct,IT,10706,12318,1612
Feb,Finance,13996,14618,622
Oct,Sales,13828,12734,-1094
Mar,IT,8466,10058,1592
Mar,Operations,14024,12902,-1122
May,Sales,5998,8823,2825
Apr,Operations,14026,11133,-2893
Dec,Finance,10253,7491,-2762
Jun,Sales,5933,6607,674
Jul,Sales,14434,13474,-960
Feb,Marketing,10926,8479,-2447
May,Sales,10122,11892,1770
Nov,HR,9586,12454,2868
Nov,Sales,10048,12519,2471
Aug,Finance,14630,12127,-2503
Jun,Sales,10754,8537,-2217
Jul,Marketing,14300,13312,-988
Aug,HR,12347,11881,-466
Jul,IT,13048,13454,406
Jan,IT,15306,15851,545
Feb,HR,14422,11833,-2589
Mar,Finance,18314,19474,1160
Sep,HR,18885,18161,-724
Jan,HR,19226,18564,-662
Jan,IT,14360,13637,-723
Sep,HR,17763,20555,2792
Jun,Sales,16591,17623,1032
Oct,IT,12247,14984,2737
Feb,Sales,8991,11032,2041
Jun,HR,19915,16959,-2956
Sep,Operations,9812,11129,1317
Nov,IT,6990,6046,-944
Jun,IT,19748,18436,-1312
Jul,Marketing,7952,6414,-1538
May,HR,8851,7805,-1046
Sep,Operations,15721,14240,-1481
May,Operations,9652,11033,1381
Nov,Sales,10187,11957,1770
Sep,HR,5607,4281,-1326
May,Marketing,5584,8031,2447
Sep,IT,12697,10569,-2128
Jun,Marketing,13784,11494,-2290
Feb,Marketing,6659,6480,-179
Nov,Finance,10576,11274,698
Mar,IT,18885,19979,1094
Jun,HR,13604,12632,-972
Mar,HR,16574,17598,1024
Nov,Finance,16440,16974,534
May,IT,8809,8072,-737
May,Marketing,6766,7588,822
Apr,Finance,7520,8601,1081
Nov,Finance,5801,3140,-2661
Jun,Marketing,6310,5933,-377
Mar,Marketing,19324,17804,-1520
Apr,Operations,12864,15351,2487
Dec,Marketing,7895,9982,2087
Aug,Finance,9158,8163,-995
Sep,Marketing,14761,15423,662
Feb,Operations,17595,18189,594
Apr,Operations,7970,7445,-525
Nov,HR,14407,12625,-1782
Apr,Sales,15226,16318,1092
Jul,IT,14547,16774,2227
Apr,Sales,13587,14294,707
Sep,Finance,12237,11540,-697
Aug,Sales,14084,15726,1642
Aug,IT,11738,9247,-2491
Jul,Marketing,11470,8678,-2792
Dec,Operations,18844,18754,-90
Aug,Finance,15258,15423,165
Nov,Sales,10205,11697,1492
Feb,Marketing,12918,14882,1964
Mar,Operations,11037,10497,-540
May,Operations,15091,17206,2115
Dec,Marketing,15392,13997,-1395
Sep,Finance,16029,15125,-904
Aug,HR,13488,14135,647
Mar,Finance,11833,13619,1786
Jul,IT,12614,14006,1392
Apr,Marketing,8699,9158,459
Dec,Sales,6723,7351,628
Jun,HR,14813,16777,1964
Aug,Marketing,12389,12551,162
Aug,Finance,11302,10323,-979
Apr,HR,11873,10566,-1307
Feb,Finance,11887,13920,2033
Apr,IT,12627,11373,-1254
May,Sales,17586,15300,-2286
Jun,HR,12444,12247,-197
Jul,Finance,9869,7476,-2393
Oct,Finance,6574,3902,-2672
Mar,Marketing,18781,20640,1859
Mar,Sales,5155,7207,2052
Aug,HR,11897,11582,-315
Nov,HR,6053,5968,-85
Aug,HR,9598,7578,-2020
Jan,IT,10854,12668,1814
May,Marketing,9209,9618,409
Jun,Sales,9903,7350,-2553
Jun,Operations,18281,18291,10
Aug,Marketing,9283,10327,1044
Feb,HR,6217,8198,1981
Mar,HR,6391,8251,1860
Sep,Marketing,6929,9280,2351
Sep,IT,18347,18823,476
Oct,Finance,11460,8608,-2852
Sep,IT,11899,13023,1124
Dec,Finance,18692,21573,2881
Jul,Operations,16277,18713,2436
Dec,Finance,18879,21374,2495
Oct,Sales,13097,16012,2915
Jul,IT,12505,14240,1735
Apr,Finance,9248,7404,-1844
Dec,HR,9975,12061,2086
Sep,Marketing,16554,13783,-2771
Oct,Marketing,11974,11732,-242
Jul,HR,15257,15113,-144
Apr,Marketing,16035,17190,1155
Jan,IT,8518,8581,63
Dec,Sales,8692,10734,2042
Apr,IT,15101,13270,-1831
Nov,Marketing,13630,15450,1820
Jan,Operations,13413,10638,-2775
Oct,Finance,12697,11910,-787
Jul,Marketing,16557,14073,-2484
Dec,IT,15578,15753,175
Oct,Finance,6841,7341,500
Jan,Sales,8575,6506,-2069
Aug,HR,10191,13020,2829
May,HR,6797,7378,581
Nov,HR,17975,20197,2222
Jun,Marketing,12728,10102,-2626
Jun,HR,13415,12255,-1160
Jul,HR,16353,18541,2188
Nov,Sales,12861,14699,1838
Jan,Sales,9569,9503,-66
Jun,IT,14300,15703,1403
Jan,Operations,17251,18272,1021
Jun,HR,17914,20759,2845
Aug,HR,17589,19374,1785
Nov,IT,5396,2628,-2768
Oct,Marketing,9480,11194,1714
Nov,Operations,11562,11864,302
Jun,Marketing,7218,8247,1029
Aug,HR,17534,20121,2587
Feb,IT,9271,10080,809
Nov,HR,6046,5181,-865
Jul,HR,9981,9410,-571
Jun,IT,18195,19081,886
Dec,Operations,18284,16202,-2082
Sep,IT,11324,13706,2382
Oct,IT,17193,17477,284
Sep,Sales,18824,17770,-1054
Dec,Finance,18624,20573,1949
Jul,Marketing,8934,9721,787
Oct,Sales,10142,8097,-2045
Apr,HR,19647,20439,792
Nov,HR,5164,3366,-1798
Nov,Sales,12807,10154,-2653
Jan,Sales,17806,17874,68
Jul,HR,6477,7532,1055
Jul,Finance,13821,11601,-2220
Oct,HR,16614,15559,-1055
Aug,Finance,8685,8970,285
Oct,Sales,17307,14842,-2465
Jul,Sales,9549,8206,-1343
Nov,HR,10043,12227,2184
Nov,IT,18652,17865,-787
Jan,IT,17013,17238,225
Aug,Finance,10227,11530,1303
Nov,Operations,12153,14759,2606
Aug,HR,16471,14426,-2045
Oct,Sales,13674,14346,672
Mar,Operations,16169,16959,790
Sep,Marketing,13413,15012,1599
Dec,Finance,19287,18335,-952
Nov,Finance,18276,16882,-1394
Feb,Operations,13723,16271,2548
Feb,IT,17772,18779,1007
Nov,Operations,11102,11766,664
Apr,HR,14472,14709,237
Sep,HR,15918,16447,529
Feb,Sales,7122,8366,1244
Mar,Marketing,6626,6862,236
Sep,Finance,9834,10951,1117
Jun,Operations,16398,15436,-962
Aug,Finance,9229,6503,-2726
Aug,IT,11750,13720,1970
Jun,Marketing,17065,17078,13
Mar,Finance,10426,12398,1972
Apr,Sales,16497,13640,-2857
Oct,IT,12387,11323,-1064
Oct,Finance,15201,16689,1488
Feb,Operations,7310,4896,-2414
Dec,HR,8904,11077,2173
Sep,Sales,8110,10090,1980
Dec,IT,6216,8873,2657
Oct,Finance,18872,17710,-1162
Oct,Marketing,9488,10250,762
Jun,Marketing,8248,9513,1265
Sep,Marketing,16904,14782,-2122
Jun,HR,10052,12551,2499
Nov,Sales,11353,11143,-210
Jul,Marketing,17099,16563,-536
Jul,IT,9916,10144,228
Sep,IT,17053,16821,-232
Apr,Marketing,11319,9565,-1754
Jul,Finance,12866,13663,797
Jul,Marketing,8209,7144,-1065
Aug,IT,9974,7681,-2293
Jul,Finance,12612,9659,-2953
Mar,Operations,8998,10876,1878
May,HR,17364,17471,107
Feb,Sales,8206,6199,-2007
Aug,IT,18979,19846,867
Sep,Marketing,13127,12922,-205
May,Sales,19720,22537,2817
Jul,Marketing,15781,17264,1483
Jun,HR,5225,4908,-317
May,Finance,7672,5240,-2432
Jun,HR,6487,8294,1807
Nov,HR,10209,11480,1271
Dec,HR,13396,14138,742
Sep,Finance,8964,6893,-2071
Dec,Operations,14904,17858,2954
Dec,Marketing,14206,11422,-2784
Jul,Finance,7055,5524,-1531
Aug,Finance,14646,17180,2534
Mar,IT,13180,15450,2270
Apr,Operations,19383,21130,1747
Nov,Finance,19166,17829,-1337
Oct,Marketing,11225,11554,329
Aug,Operations,10412,10575,163
Jun,Operations,17640,17803,163
Dec,Finance,18534,19474,940
Aug,IT,6833,7367,534
Apr,IT,19633,18256,-1377
Oct,Operations,12858,11041,-1817
Aug,IT,19210,17201,-2009
Dec,HR,5713,6006,293
Oct,Operations,18430,18932,502
Oct,IT,18109,15338,-2771
Jul,Sales,12113,14658,2545
Nov,Sales,12080,9749,-2331
Jun,Finance,10173,13114,2941
Dec,Marketing,6951,5480,-1471
Feb,Operations,8037,6443,-1594
Sep,Operations,7697,8166,469
Aug,Operations,19882,18864,-1018
Apr,Operations,15902,15366,-536
Jan,HR,17299,14863,-2436
Jan,Sales,15429,17058,1629
May,Finance,11486,9763,-1723
Jan,Marketing,11879,13804,1925
Jun,Sales,14690,12759,-1931
Mar,Operations,11728,13713,1985
Nov,Marketing,14082,12703,-1379
Jul,Sales,5702,7580,1878
Apr,Operations,10747,12485,1738
Oct,Finance,19395,19900,505
Apr,HR,5229,7670,2441
Apr,IT,6224,5439,-785
Jun,Sales,7566,6549,-1017
Apr,Finance,13334,15997,2663
Feb,Marketing,5747,4774,-973
Jul,Sales,5895,6624,729
Sep,Sales,11262,9035,-2227
Dec,IT,18433,16093,-2340
Mar,IT,15511,16118,607
Dec,Operations,13446,11901,-1545
May,Operations,5471,4560,-911
Nov,Marketing,6156,8644,2488
Dec,HR,16503,15083,-1420
Jul,IT,13725,14155,430
Jul,IT,16189,14734,-1455
Dec,Finance,15083,13317,-1766
Aug,Marketing,13784,14141,357
Mar,Marketing,8691,6253,-2438
Sep,IT,5066,4982,-84
Dec,Finance,11004,9437,-1567
Oct,Marketing,5371,6437,1066
Oct,IT,13017,10743,-2274
Sep,Operations,13455,14761,1306
Dec,Finance,8392,6744,-1648
Nov,Finance,9868,12297,2429
Dec,HR,10742,7993,-2749
Aug,Finance,19891,17571,-2320
Sep,Operations,6314,3955,-2359
Jun,Sales,17477,17911,434
Jan,Operations,19870,22835,2965
Dec,Sales,12572,9772,-2800
Sep,Operations,13360,15520,2160
Dec,Sales,19922,20102,180
Jun,Marketing,10149,11961,1812
Jul,Sales,10115,9885,-230
Jul,Sales,7068,5553,-1515
Nov,Operations,18777,21644,2867
Aug,Marketing,7657,10043,2386
Jun,IT,10037,12827,2790
Dec,Marketing,9135,6810,-2325
Sep,Operations,16629,15945,-684
Jun,Sales,14066,12268,-1798
Dec,HR,17161,19608,2447
Mar,Sales,5221,7801,2580
Dec,Marketing,18862,16335,-2527
Feb,Finance,5513,7702,2189
Mar,HR,13335,12993,-342
Dec,Marketing,16596,19352,2756
Sep,Sales,9580,8837,-743
Mar,HR,12167,9645,-2522
Mar,HR,17313,17645,332
Oct,Marketing,15191,16923,1732
Nov,IT,7878,8831,953
Feb,Sales,16975,14825,-2150
Aug,Operations,14024,11098,-2926
Aug,Operations,16444,16500,56
Jul,Marketing,12506,13831,1325
Sep,Sales,8126,8535,409
Nov,IT,7076,5157,-1919
Mar,Finance,18076,20766,2690
Jul,Operations,7452,10228,2776
Dec,Finance,14627,13280,-1347
Jun,Operations,7397,7392,-5
Jul,Sales,6592,9401,2809
Apr,Operations,19840,20584,744
Apr,HR,12177,10368,-1809
Jan,Operations,12383,11108,-1275
Mar,Marketing,18531,19211,680
Feb,HR,11098,8138,-2960
Jun,HR,14863,13510,-1353
Jan,Finance,10318,9395,-923
Feb,Marketing,16257,14481,-1776
Feb,Marketing,15072,17057,1985
Apr,Sales,5450,2764,-2686
Oct,HR,6160,3775,-2385
Jan,HR,13484,14508,1024
May,Finance,13508,15270,1762
Mar,Operations,11645,9636,-2009
Apr,Sales,5327,5246,-81
Apr,Sales,14682,17624,2942
Jun,Finance,14213,16169,1956
Feb,Marketing,5533,4803,-730
Jan,HR,17683,19434,1751
Jun,Marketing,10727,12173,1446
Aug,Sales,7365,5380,-1985
May,Marketing,19983,21297,1314
May,Finance,14420,12704,-1716
Aug,Sales,9373,10381,1008
Jan,HR,5076,5753,677
Sep,HR,11066,13870,2804
Mar,Finance,17011,14531,-2480
Apr,Sales,5120,5504,384
Aug,Sales,12925,13592,667
Jan,Marketing,15748,18545,2797
Sep,HR,15857,13499,-2358
Sep,Operations,19602,22511,2909
Feb,Operations,15949,15642,-307
Mar,Operations,6729,6254,-475
Apr,Sales,12682,14510,1828
May,Operations,10345,9160,-1185
Jan,IT,5885,6170,285
Jun,Marketing,19338,19039,-299
Nov,Operations,6895,7110,215
Mar,Finance,9642,11315,1673
Mar,Sales,13603,14973,1370
Apr,Sales,11099,10697,-402
Mar,Operations,7262,4680,-2582
Dec,Sales,8264,8184,-80
Dec,HR,5556,4642,-914
Sep,Finance,6860,9366,2506
Dec,Finance,15645,17519,1874
Aug,Sales,12572,9883,-2689
Oct,Operations,5129,2326,-2803
Oct,Finance,5396,4414,-982
Jun,Operations,12052,12088,36
Jan,Sales,7669,8217,548
Jun,Marketing,15369,14566,-803
Nov,HR,13367,13934,567
Sep,Marketing,11640,12484,844
Jul,HR,7379,7063,-316
Nov,Sales,8737,6815,-1922
Sep,Sales,9270,10105,835
Feb,IT,16835,15461,-1374
Mar,Operations,8330,7576,-754
Jan,Finance,14933,14323,-610
Dec,Finance,18757,17696,-1061
May,Operations,10908,9752,-1156
Jan,Marketing,7170,8821,1651
Aug,IT,9156,8476,-680
Jul,Sales,18332,18273,-59
Jul,HR,5982,8802,2820
Aug,HR,17057,17647,590
Jul,Marketing,9883,8123,-1760
Sep,Operations,8750,7659,-1091
Oct,Finance,16653,17665,1012
Apr,IT,19215,18158,-1057
Nov,HR,15464,12880,-2584
Nov,HR,8653,8442,-211
May,Finance,7759,5758,-2001
Aug,Sales,11175,9156,-2019
May,Operations,13845,15700,1855
May,Marketing,6553,5179,-1374
Mar,Finance,15217,16998,1781
Oct,Operations,17548,15186,-2362
Aug,HR,19361,21949,2588
Oct,Marketing,11380,12040,660
Oct,IT,15224,14266,-958
Jun,Finance,10327,7550,-2777
Mar,HR,11695,8981,-2714
Feb,Sales,17581,19019,1438
May,HR,11625,9982,-1643
Apr,IT,9619,12516,2897
May,Sales,15016,17647,2631
Feb,Marketing,9663,9377,-286
Jan,HR,17433,19616,2183
Jun,Finance,10394,13182,2788
Aug,Finance,15366,15748,382
May,Finance,12708,11163,-1545
Feb,Finance,16399,16058,-341
Jun,Operations,9516,12381,2865
Apr,Operations,16008,13183,-2825
May,Sales,10682,10705,23
Dec,IT,13845,12870,-975
Oct,Finance,19332,17088,-2244
Oct,Operations,17320,18526,1206
Sep,Operations,13144,15416,2272
Sep,Operations,9117,9406,289
Jun,Sales,12877,12963,86
Jun,Finance,7760,10043,2283
May,Finance,7818,7769,-49
Aug,IT,15734,16815,1081
Oct,IT,16128,18904,2776
Aug,IT,17776,20668,2892
Jan,Finance,11239,11314,75
Apr,Finance,9962,11223,1261
Sep,Operations,15843,15410,-433
Nov,Operations,17556,15325,-2231
Aug,Sales,8212,9134,922
Oct,Sales,13912,15285,1373
Apr,Finance,13686,13319,-367
Aug,Marketing,8605,7357,-1248
Nov,Sales,8825,7059,-1766
Sep,Marketing,18359,19929,1570
Feb,Finance,19772,19854,82
Aug,Operations,9710,7477,-2233
May,Finance,18415,21073,2658
Jun,Marketing,19435,18945,-490
May,HR,16347,19140,2793
Oct,Finance,14985,13108,-1877
Feb,HR,10022,8444,-1578
Mar,Finance,8910,10710,1800
Jul,Sales,17054,15683,-1371
Mar,Operations,6634,9598,2964
Dec,Marketing,10305,13129,2824
Feb,HR,15735,17217,1482
Feb,Marketing,15110,17451,2341
Mar,Marketing,6457,7485,1028
Feb,Sales,18337,17291,-1046
Jun,Finance,17903,17274,-629
Sep,Sales,17996,16245,-1751
Apr,Sales,5615,5598,-17
Apr,IT,8202,7720,-482
Mar,Marketing,7305,4307,-2998
Dec,HR,9269,7255,-2014
Feb,Finance,12014,13219,1205
May,HR,6107,5320,-787
Mar,IT,6388,5345,-1043
Jul,Operations,13110,12365,-745
Oct,HR,14545,14310,-235
Nov,HR,6582,8820,2238
Jun,Operations,11913,11841,-72
Sep,Operations,15575,16831,1256
Jan,HR,8562,10130,1568
Dec,Operations,5513,3740,-1773
Aug,Marketing,19518,20319,801
Sep,IT,16380,14928,-1452
Mar,IT,9622,7464,-2158
May,HR,16255,13773,-2482
Jun,HR,15262,13751,-1511
Oct,Marketing,16864,18062,1198
May,HR,10350,12085,1735
Dec,HR,10244,12803,2559
Jul,Sales,16320,13852,-2468
Mar,HR,7093,9189,2096
Jun,IT,8332,9365,1033
Feb,Marketing,15947,17004,1057
Aug,Finance,19122,16850,-2272
Feb,IT,8503,6798,-1705
Jan,Marketing,10250,11449,1199
Nov,Sales,5307,5193,-114
Feb,HR,16894,15190,-1704
Mar,IT,13540,10895,-2645
Mar,HR,12415,10132,-2283
Dec,Operations,8367,10335,1968
Sep,IT,12836,13102,266
Jan,Operations,6310,7969,1659
Sep,IT,8270,8683,413
Jan,Sales,11034,10016,-1018
Oct,IT,18059,15653,-2406
Aug,Marketing,19846,16866,-2980
Dec,Finance,11927,12907,980
Oct,Finance,14616,16725,2109
Mar,HR,18167,17482,-685
Oct,Sales,10871,11409,538
Sep,IT,18051,17583,-468
Mar,Sales,11732,11194,-538
Aug,Sales,17384,17533,149
Jan,Finance,15052,17548,2496
Aug,IT,17388,18160,772
Apr,Finance,5309,4983,-326
Jun,Sales,19111,18059,-1052
Sep,Finance,7898,8566,668
Feb,Operations,17237,16706,-531
Feb,HR,11112,9514,-1598
Apr,Operations,17322,16459,-863
Apr,Finance,15234,12849,-2385
Sep,HR,11947,10057,-1890
May,Sales,19189,20393,1204
Mar,IT,12495,13468,973
Jun,IT,14846,17722,2876
Mar,HR,19213,17226,-1987
Jul,Finance,19018,16382,-2636
Aug,Operations,16674,17022,348
Aug,IT,6872,7297,425
Jul,Sales,5248,4791,-457
Nov,Sales,13877,12250,-1627
Jan,Finance,19772,21917,2145
Aug,Marketing,8236,5300,-2936
Jul,Finance,17398,18036,638
Dec,HR,14076,14407,331
Feb,Marketing,15959,14516,-1443
Sep,Marketing,16364,17604,1240
Oct,Operations,19516,20489,973
Sep,Operations,8838,6772,-2066
Jul,Sales,8695,6531,-2164
May,Operations,15509,16508,999
Sep,HR,9661,6916,-2745
Jun,Operations,17743,17752,9
Aug,IT,5157,7377,2220
Apr,Marketing,18816,21447,2631
Jan,Sales,19151,21073,1922
Jun,Finance,12655,15150,2495
Dec,IT,19017,20769,1752
Aug,Sales,9435,12096,2661
Oct,Marketing,14259,14477,218
Mar,IT,13640,11351,-2289
Jan,HR,12357,13539,1182
Aug,Operations,19000,21395,2395
Dec,IT,5159,6298,1139
Jul,Operations,17002,19056,2054
Oct,Finance,13486,13783,297
Nov,Sales,14221,16216,1995
Jul,HR,10935,8822,-2113
Dec,Marketing,5373,7314,1941
Feb,IT,18436,21120,2684
Feb,Sales,14404,13007,-1397
Oct,Finance,12093,12773,680
Sep,Marketing,5406,5980,574
Jan,HR,18937,17477,-1460
Nov,Sales,16841,14042,-2799
Sep,Operations,9322,10992,1670
Jan,IT,14009,14434,425
Mar,HR,9975,10521,546
Mar,Sales,8133,6846,-1287
Feb,IT,13033,14428,1395
Feb,Finance,5226,4542,-684
Dec,Finance,19893,21211,1318
Dec,Marketing,13383,15743,2360
Aug,HR,19727,17458,-2269
Mar,Sales,10975,8743,-2232
Feb,Sales,5576,6812,1236
Oct,Marketing,5388,2468,-2920
Jan,IT,17481,14745,-2736
Jul,Finance,13090,12161,-929
Nov,IT,7553,9296,1743
Feb,Operations,14451,11699,-2752
May,Marketing,5368,2394,-2974
Nov,IT,8515,10647,2132
Apr,Sales,12804,12929,125
Mar,Marketing,16777,14676,-2101
Sep,Operations,11294,13833,2539
Apr,Marketing,11057,11115,58
Nov,HR,19424,22063,2639
Feb,Finance,12391,14017,1626
Mar,HR,14752,12704,-2048
Mar,Sales,18349,18607,258
Feb,IT,19796,21944,2148
Sep,Marketing,16475,15287,-1188
Sep,Marketing,19685,18776,-909
Nov,Marketing,17381,19025,1644
Apr,IT,19076,17919,-1157
May,Sales,11286,12711,1425
Apr,HR,6303,5253,-1050
May,IT,11999,11379,-620
Aug,Marketing,5097,3752,-1345
Dec,Marketing,11524,12234,710
May,IT,13703,13826,123
Nov,Sales,17104,17132,28
Jun,Sales,13057,13978,921
Dec,Sales,17373,15218,-2155
Jun,Marketing,12726,11238,-1488
Nov,Marketing,10538,9616,-922
Jul,Sales,5274,6704,1430
Oct,Finance,7033,7180,147
Feb,Marketing,8205,6777,-1428
Feb,Operations,16441,19179,2738
May,Sales,9429,10475,1046
Oct,IT,13509,11744,-1765
Apr,IT,17393,14430,-2963
Dec,Finance,17633,19327,1694
Nov,Marketing,9638,10549,911
Nov,Finance,11837,11230,-607
May,HR,15455,12990,-2465
Aug,IT,17954,18419,465
Aug,Operations,6039,5715,-324
Nov,Operations,19949,18253,-1696
Mar,Sales,5329,5580,251
Jan,Marketing,6526,7153,627
Jan,Marketing,13520,14935,1415
May,Sales,16670,14863,-1807
Sep,IT,14793,12601,-2192
Oct,Finance,16705,13753,-2952
Jul,Sales,8126,5367,-2759
May,Sales,7888,8282,394
Nov,Sales,8420,8708,288
Jan,HR,5341,2992,-2349
May,Marketing,7517,9996,2479
Sep,Finance,8665,7501,-1164
Jun,HR,6904,7851,947
Jun,HR,7343,8780,1437
Dec,IT,10787,11854,1067
Mar,Marketing,10461,9773,-688
Mar,Sales,10395,11284,889
Jul,HR,14558,12192,-2366
May,Finance,5833,5048,-785
Nov,HR,8127,7897,-230
Sep,Marketing,7549,5323,-2226
Aug,Operations,13946,11629,-2317
Feb,Sales,9641,7891,-1750
Dec,HR,10520,7558,-2962
May,Finance,6223,5795,-428
Feb,Operations,15983,13512,-2471
Jun,Sales,13996,13504,-492
Oct,IT,15306,14271,-1035
May,Sales,12421,10850,-1571
Jul,Marketing,17185,14709,-2476
Jun,IT,14694,15163,469
Jun,Marketing,12341,14597,2256
Jun,HR,6552,7435,883
Aug,IT,18886,17773,-1113
Nov,Operations,6959,8316,1357
Dec,Sales,12915,12595,-320
Nov,Finance,15417,17446,2029
Jan,Marketing,14934,17046,2112
Apr,Operations,7572,4935,-2637
Sep,Marketing,18739,19083,344
Feb,IT,13459,12903,-556
Oct,HR,17886,19712,1826
Feb,HR,11850,10873,-977
Dec,Sales,13117,15678,2561
Jan,Finance,6258,8123,1865
Oct,Finance,13635,12792,-843
Feb,Sales,12300,14405,2105
Feb,IT,5901,4324,-1577
Feb,Sales,19359,17809,-1550
Apr,IT,17722,14932,-2790
Mar,Operations,19213,17453,-1760
Jan,Operations,16863,15449,-1414
Dec,Operations,15288,13011,-2277
Mar,Marketing,7242,8137,895
Jun,HR,17599,16731,-868
May,Marketing,10367,13025,2658
Mar,Finance,13187,12097,-1090
Jul,Operations,5334,4871,-463
Apr,Operations,19667,18935,-732
Oct,Finance,12146,13669,1523
May,IT,19643,19494,-149
Apr,Sales,10394,7758,-2636
Dec,IT,11456,13621,2165
Jan,Operations,10142,8456,-1686
Apr,Sales,10075,9208,-867
Sep,Finance,7390,9834,2444
Dec,Operations,19205,20258,1053
Jan,Operations,7187,8134,947
Oct,Finance,18785,19588,803
Aug,Operations,13046,10161,-2885
Aug,IT,13938,16139,2201
Oct,IT,12596,14385,1789
May,HR,15258,13339,-1919
May,IT,10347,11840,1493
Aug,Sales,14861,16185,1324
Oct,Sales,18386,20798,2412
Nov,Marketing,12011,11069,-942
Mar,HR,8249,6295,-1954
Nov,HR,10622,9619,-1003
Aug,Marketing,16798,15890,-908
May,IT,17945,18208,263
Aug,Finance,12221,10304,-1917
Dec,IT,18586,21510,2924
Aug,Operations,17639,20281,2642
Dec,Operations,5052,5289,237
Sep,IT,13248,14143,895
Nov,Operations,5319,6122,803
Apr,Operations,6588,5435,-1153
Sep,HR,12413,11027,-1386
Apr,IT,12919,13122,203
Feb,Finance,6852,4857,-1995
Nov,Finance,8499,8714,215
Nov,Sales,18310,18422,112
May,Sales,7299,8773,1474
Nov,Finance,5219,7440,2221
Oct,Sales,8134,9039,905
Aug,Operations,10535,11886,1351
Dec,IT,19194,17603,-1591
Apr,HR,18295,19162,867
Feb,IT,15129,13512,-1617
Oct,Finance,6753,8112,1359
Oct,Marketing,14077,11835,-2242
Dec,Finance,14271,16198,1927
Oct,Marketing,17826,19382,1556
Sep,Marketing,18603,21591,2988
Jan,HR,11974,12581,607
Dec,Finance,17965,15641,-2324
Jul,Operations,14243,13012,-1231
Jun,Finance,17188,17295,107
Nov,Sales,12726,12429,-297
Aug,IT,5023,5973,950
May,IT,9692,7522,-2170
Sep,Finance,13954,14315,361
Aug,Marketing,6349,6896,547
Dec,Operations,8014,8703,689
Aug,Finance,12369,12729,360
Oct,Operations,12558,10952,-1606
Jun,Sales,18476,20789,2313
Oct,Sales,7416,5626,-1790
Mar,Operations,8749,7445,-1304
Mar,Finance,16203,15841,-362
Jan,Sales,14131,11345,-2786
Dec,Finance,6521,6397,-124
Jun,Sales,5681,6138,457
Nov,Operations,19157,18529,-628
Jul,Sales,10650,12199,1549
Jan,HR,18865,17583,-1282
Jan,Sales,10642,8302,-2340
Jun,Marketing,14334,13721,-613
Jul,Sales,11007,12431,1424
Dec,Finance,10342,12541,2199
May,HR,17128,16057,-1071
May,Finance,19241,21860,2619
Apr,IT,9823,10509,686
Jun,Sales,15426,14881,-545
Dec,Operations,12138,11770,-368
Apr,Operations,14789,12174,-2615
Jun,IT,5617,3411,-2206
Jan,Finance,15937,13567,-2370
Sep,Operations,14554,13377,-1177
Oct,Operations,11082,12715,1633
Dec,Marketing,13033,10077,-2956
Mar,Operations,8750,9701,951
Aug,Sales,7574,8273,699
Jun,Marketing,11934,13020,1086
Apr,Sales,19787,20869,1082
Jul,IT,8440,11102,2662
Oct,HR,6728,7504,776
Nov,IT,5474,6612,1138
Jan,IT,12993,13089,96
Aug,Operations,11396,12577,1181
Jun,Finance,14710,13444,-1266
Jan,IT,17546,18001,455
May,Sales,12913,11441,-1472
Jun,HR,19671,20617,946
Feb,Sales,6136,6140,4
Jun,Marketing,8113,5955,-2158
Mar,Operations,14356,15804,1448
Nov,Marketing,19154,16394,-2760
Nov,Operations,12159,12598,439
Jun,Marketing,14421,14821,400
Aug,Finance,19283,18285,-998
Mar,HR,17431,15369,-2062
Aug,Sales,10292,13067,2775
Jan,Sales,15421,16423,1002
Sep,Sales,19358,21817,2459
Oct,HR,6260,3494,-2766
May,HR,17647,19122,1475
Nov,Operations,14301,14323,22
May,Sales,7545,10186,2641
Apr,Sales,15866,16389,523
Sep,IT,10115,11559,1444
Nov,Finance,14535,17450,2915
Nov,Marketing,6735,3858,-2877
Mar,Operations,18744,21287,2543
Jan,HR,19207,17215,-1992
Dec,Finance,5918,6808,890
Jan,Finance,13914,12460,-1454
Sep,Operations,7555,7119,-436
Nov,Operations,9176,12021,2845
Jun,Operations,11196,12242,1046
Jul,IT,9081,11808,2727
Jul,IT,7497,5627,-1870
Dec,Finance,11260,14173,2913
Aug,Marketing,12377,12235,-142
Apr,HR,14502,14518,16
Sep,Operations,17942,14949,-2993
Oct,Marketing,9610,11195,1585
Jan,Operations,11886,10689,-1197
Jul,Sales,14623,15172,549
Mar,IT,12889,11730,-1159
Dec,HR,11168,9417,-1751
Mar,Sales,5949,5862,-87
Aug,Operations,10242,11321,1079
Jul,Marketing,14422,14818,396
Aug,Operations,6718,6939,221
Apr,Finance,19930,20549,619
Jun,HR,7486,4487,-2999
May,Sales,10901,10429,-472
Oct,HR,16966,16660,-306
Jul,IT,6314,8980,2666
Jan,Sales,12135,10513,-1622
Sep,IT,18252,17750,-502
Jun,HR,19855,18962,-893
Feb,Sales,6718,8621,1903
Dec,Finance,18477,16873,-1604
Aug,HR,8660,8249,-411
Nov,IT,11884,12095,211
Jan,HR,7727,10525,2798
Apr,HR,16135,15347,-788
Sep,Operations,12030,10800,-1230
May,IT,10704,8031,-2673
Sep,Finance,11094,9717,-1377
Apr,Operations,7269,6421,-848
Aug,Sales,11826,9414,-2412
Nov,Finance,15296,17855,2559
Oct,Marketing,8429,5901,-2528
Aug,Marketing,16302,14511,-1791
Jul,Marketing,6174,5206,-968
Aug,Marketing,13657,14137,480
Apr,Operations,18715,16915,-1800
Nov,Marketing,11924,10116,-1808
Jun,Marketing,12113,11065,-1048
Oct,Finance,14579,15754,1175
Mar,IT,7247,4664,-2583
Apr,HR,14218,11554,-2664
Mar,HR,18464,21161,2697
May,Sales,7865,10269,2404
Oct,HR,15059,14066,-993
Jan,Sales,15495,15290,-205
Jul,HR,12176,14020,1844
Feb,Operations,10758,13284,2526
Apr,Operations,15799,12961,-2838
Jul,HR,15749,17553,1804
Oct,Marketing,5742,5207,-535
May,HR,11308,12858,1550
May,Marketing,11551,9178,-2373
Mar,Sales,18673,20423,1750
Jul,Sales,7250,4473,-2777
Apr,Finance,16255,14930,-1325
May,IT,18315,17373,-942
Oct,IT,5117,3820,-1297
May,Marketing,19161,22011,2850
Apr,IT,11095,13483,2388
Jul,HR,14182,12092,-2090
Aug,Marketing,9936,8179,-1757
Dec,Operations,13413,12222,-1191
Jan,HR,12649,15211,2562
Jul,HR,13799,14416,617
Sep,Sales,14497,14949,452
Jul,Sales,11734,13331,1597
Jun,Operations,11611,13959,2348
Aug,Marketing,10152,9188,-964
Jan,Marketing,19145,20695,1550
Dec,HR,18554,15584,-2970
Aug,Finance,5121,7186,2065
Jan,Finance,12599,14863,2264
Jan,Sales,16267,16668,401
Jan,Sales,6069,4770,-1299
May,Operations,9902,12647,2745
Feb,Operations,18121,17978,-143
Oct,Operations,10751,12760,2009
May,Sales,11593,14280,2687
Sep,IT,14904,15366,462
Dec,Operations,7572,9011,1439
Jul,Marketing,15528,14797,-731
Oct,IT,10657,11894,1237
May,IT,9962,10334,372
Aug,HR,16112,16578,466
Apr,Finance,12470,11191,-1279
May,Operations,17622,18188,566
Apr,HR,9858,10269,411
Oct,IT,8007,5918,-2089
Jan,Operations,18767,20277,1510
Feb,Finance,17536,18540,1004
Feb,IT,5615,3458,-2157
Feb,IT,7036,5419,-1617
Mar,HR,12214,10800,-1414
Jan,Operations,8840,8415,-425
Jun,HR,7625,4973,-2652
Jan,HR,15945,13755,-2190
Jun,IT,14049,13921,-128
Feb,HR,9171,7587,-1584
Jul,Operations,19342,17059,-2283
Dec,HR,6097,6951,854
Jun,IT,10530,12228,1698
Nov,HR,8126,8342,216
Mar,Marketing,11451,11352,-99
Jan,Finance,8628,6123,-2505
May,Sales,7137,8458,1321
Apr,IT,15226,17803,2577
Jul,Sales,6549,8202,1653
Jan,Sales,17068,18210,1142
Jun,IT,16707,14213,-2494
May,IT,5218,6079,861
Feb,Operations,9600,11695,2095
Nov,Sales,16000,15514,-486
Jun,Marketing,5611,8061,2450
Apr,IT,15962,16407,445
Oct,Operations,5425,7448,2023
Apr,Marketing,9321,6638,-2683
Oct,Operations,5545,5252,-293
Oct,Sales,18246,17995,-251
Feb,Finance,7864,6628,-1236
Jan,HR,17301,19830,2529
Sep,HR,14726,15694,968
Jun,Marketing,10146,8228,-1918
Oct,IT,14624,13159,-1465
May,Marketing,7582,6326,-1256
Aug,Marketing,17330,18509,1179
Feb,Marketing,6392,6263,-129
Feb,Sales,13169,12229,-940
Sep,Sales,7354,5956,-1398
Jun,Marketing,13582,11276,-2306
Apr,IT,12319,13884,1565
Mar,Marketing,14261,15780,1519
Jun,Marketing,19022,17920,-1102
Jan,HR,12916,14387,1471
Aug,Finance,16745,19426,2681
Oct,Sales,15168,15833,665
Apr,Marketing,16930,14641,-2289
Feb,Finance,14268,15315,1047
Jul,Marketing,9015,11191,2176
Oct,IT,18764,20724,1960
Nov,HR,18416,17887,-529
Jan,Operations,17144,17295,151
Jan,HR,5527,3630,-1897
Oct,Finance,11853,12108,255
Oct,HR,13670,12933,-737
Sep,HR,9497,9738,241
Jun,HR,18278,17562,-716
Apr,IT,11298,12604,1306
Nov,HR,6710,8264,1554
Jun,Operations,10135,9987,-148
Sep,Marketing,9957,9156,-801
Jul,Sales,6464,7939,1475
Nov,Marketing,11369,13229,1860
Jan,Finance,17324,19854,2530
Jul,Operations,17734,14914,-2820
May,HR,13070,15091,2021
Feb,Sales,7060,5540,-1520
Jul,Marketing,10435,12129,1694
Jan,Finance,15173,14899,-274
Jan,Finance,11536,11595,59
Jan,Sales,17286,14565,-2721
Jul,Marketing,12204,9829,-2375
Nov,Finance,15893,15158,-735
Nov,Operations,6240,7678,1438
Dec,Finance,14163,17149,2986
Sep,Marketing,18990,21448,2458
Nov,Sales,13836,11662,-2174
Jun,Finance,7982,9934,1952
Aug,HR,14444,12187,-2257
Sep,Operations,16305,15230,-1075
Sep,HR,14553,17514,2961
Jan,HR,16445,16401,-44
Feb,Sales,8510,8963,453
Mar,Sales,15857,15181,-676
Jul,IT,11230,10656,-574
Oct,Finance,6028,5729,-299
Oct,HR,11643,8709,-2934
Jun,Marketing,18526,16656,-1870
Dec,HR,17255,18532,1277
Sep,Marketing,19136,19386,250
Feb,Marketing,5304,3888,-1416
Jun,Finance,19378,17549,-1829
Feb,Finance,11198,9050,-2148
Dec,IT,7224,8415,1191
Mar,Operations,10334,10171,-163
Apr,Operations,7511,7354,-157
Feb,Marketing,15048,16927,1879
Dec,Operations,13926,12220,-1706
May,Operations,13910,16816,2906
Jan,IT,18467,16818,-1649
Apr,Marketing,7000,4390,-2610
Aug,Sales,11126,11406,280
May,Operations,12043,13535,1492
Mar,Marketing,19211,18469,-742
Feb,IT,13717,10745,-2972
May,Marketing,14534,14789,255
Apr,IT,18414,21245,2831
Jun,Sales,17922,20110,2188
Mar,HR,5723,7508,1785
May,Sales,15335,15160,-175
Aug,IT,13549,13684,135
Jun,Finance,13391,14854,1463
Jan,Sales,8534,11435,2901
May,HR,13130,10954,-2176
Jan,IT,13222,15759,2537
Nov,Sales,6100,3179,-2921
Jul,Marketing,5357,7983,2626
Apr,Marketing,11243,8897,-2346
Nov,Finance,15022,15437,415
Aug,Finance,9749,7166,-2583
Jun,Operations,11055,9787,-1268
Jan,HR,10991,11119,128
Nov,HR,5229,7828,2599
Mar,IT,15006,16769,1763
Sep,Operations,7789,8233,444
Dec,Finance,13602,10924,-2678
Nov,Sales,18817,18974,157
Sep,HR,12672,12199,-473
Sep,Sales,13828,13810,-18
Aug,HR,19561,21058,1497
Apr,Sales,7696,8131,435
Aug,Operations,6247,5929,-318
Apr,HR,8494,7535,-959
Dec,Sales,17637,20163,2526
Dec,IT,15570,13044,-2526
Mar,Operations,9672,10761,1089
Feb,IT,9176,11390,2214
Jul,IT,7275,8088,813
Feb,IT,12540,10935,-1605
Sep,Operations,10240,12935,2695
May,Sales,11922,11009,-913
Nov,Marketing,14489,12323,-2166
May,Marketing,10379,7934,-2445
Jun,Sales,12626,12529,-97
Apr,Operations,8717,11236,2519
Jul,Marketing,11465,9411,-2054
Jan,IT,7757,8368,611
Feb,Finance,18605,17116,-1489
Jan,HR,19455,21551,2096
Mar,Operations,11043,10231,-812
Feb,Marketing,8684,11400,2716
Dec,HR,16739,19650,2911
Mar,Finance,6841,5878,-963
Apr,Marketing,14783,12731,-2052
Sep,Finance,19301,20668,1367
Feb,Marketing,8714,10877,2163
Mar,Operations,17987,15661,-2326
Jan,IT,5093,3507,-1586
Jul,HR,6292,7829,1537
Apr,Operations,18623,21424,2801
Oct,IT,8168,6041,-2127
Mar,Marketing,17582,19420,1838
Jan,Operations,9890,12380,2490
Apr,Operations,16726,16950,224
Jun,HR,14974,13299,-1675
Jan,HR,11223,13181,1958
Mar,HR,6191,6601,410
Nov,Sales,11822,14369,2547
Nov,Sales,14916,17260,2344
Jan,Marketing,18928,15988,-2940
Dec,Finance,5815,7183,1368
Nov,Finance,5577,8525,2948
Jul,Marketing,5157,5738,581
Feb,Finance,18778,17379,-1399
Jul,Sales,10852,10231,-621
Apr,Finance,10176,10697,521
Mar,Marketing,6026,3303,-2723
Nov,Operations,10471,12725,2254
Nov,Sales,19636,19887,251
Jun,Marketing,15644,12784,-2860
Dec,HR,18710,16916,-1794
Apr,Operations,19598,18244,-1354
Aug,Marketing,6532,8040,1508
Oct,IT,12058,9373,-2685
May,IT,15304,17585,2281
Jul,Marketing,13735,13339,-396
Feb,IT,10660,10307,-353
Sep,Sales,19724,20136,412
Jun,Marketing,13982,13491,-491
Jun,Finance,14129,11768,-2361
Dec,Operations,11589,13552,1963
Jan,HR,12247,14379,2132
Jul,Operations,16842,17615,773
May,IT,13359,15826,2467
Apr,IT,14959,15294,335
May,IT,11660,12953,1293
May,HR,16287,15080,-1207
Oct,IT,7662,5916,-1746
Feb,Finance,11355,12844,1489
Jun,IT,14596,13858,-738
Oct,IT,15418,14352,-1066
Jan,Finance,8655,10450,1795
Nov,Finance,6571,9349,2778
Apr,IT,7402,7084,-318
Dec,HR,18069,16151,-1918
Mar,HR,12253,13269,1016
Jan,Sales,17103,19010,1907
Nov,HR,5455,6345,890
May,Sales,9136,8558,-578
Jul,Operations,13559,13275,-284
Jul,Sales,5543,6638,1095
Feb,HR,7066,4601,-2465
Jan,Sales,17744,16489,-1255
Jul,HR,16211,18649,2438
Sep,Finance,6514,7473,959
Oct,IT,5163,7769,2606
May,IT,7065,5780,-1285
Nov,Finance,6752,5696,-1056
Dec,Marketing,12669,10679,-1990
Jan,IT,11679,12643,964
Mar,IT,19017,18309,-708
Oct,Sales,11973,13067,1094
Nov,HR,5457,4134,-1323
Dec,Marketing,19328,17787,-1541
Mar,HR,19056,16767,-2289
May,Marketing,7669,5481,-2188
Aug,HR,19006,19243,237
Oct,IT,8686,10048,1362
Sep,Marketing,16299,15142,-1157
Mar,Marketing,9476,11930,2454
Nov,Sales,12560,12270,-290
Oct,IT,5292,4277,-1015
Dec,Marketing,14360,15869,1509
Aug,HR,19512,18602,-910
Feb,Finance,18432,16382,-2050
Jan,HR,15983,15232,-751
Nov,IT,6554,8710,2156
Oct,Operations,9022,9923,901
May,Operations,14815,16482,1667
Jul,IT,8262,7631,-631
Aug,Finance,18392,20200,1808
Oct,HR,19905,22830,2925
Jun,Operations,13290,13151,-139
Jun,Sales,13559,12086,-1473
Sep,Marketing,7203,9574,2371
Aug,HR,6486,6033,-453
Dec,IT,12142,9806,-2336
Feb,Finance,10167,12997,2830
Oct,Marketing,7910,7053,-857
Apr,HR,11154,13027,1873
Jun,HR,5180,2679,-2501
Jan,Finance,14667,15490,823
Aug,Finance,7739,10275,2536
Nov,IT,18197,19684,1487
Sep,Finance,13974,14403,429
Nov,HR,17811,17546,-265
Nov,Finance,19758,21230,1472
Jan,Sales,15467,13073,-2394
May,Sales,7636,7869,233
May,HR,7218,7475,257
Apr,IT,5904,6722,818
Mar,IT,7841,5219,-2622
Jun,Marketing,12765,11937,-828
Dec,Sales,6324,5382,-942
Nov,Sales,5162,7164,2002
Jul,Finance,14875,12173,-2702
Apr,Operations,14343,13802,-541
Apr,Operations,15298,14127,-1171
Jun,IT,11365,9573,-1792
Jan,Operations,5247,7910,2663
Aug,Sales,11038,8462,-2576
Aug,Operations,9608,10863,1255
Mar,Operations,15040,13393,-1647
Jul,Operations,9759,8283,-1476
May,Sales,18299,21118,2819
May,Marketing,10305,7893,-2412
Jan,Marketing,7416,7822,406
Sep,Marketing,7887,8536,649
Mar,IT,17222,18980,1758
Jan,Operations,14022,14893,871
Mar,Finance,13765,11384,-2381
Apr,Marketing,5753,6897,1144
Jun,Operations,14459,13286,-1173
Oct,Sales,13548,14933,1385
May,Finance,13342,14321,979
Dec,Operations,5561,2618,-2943
Dec,Sales,14648,17315,2667
Feb,Finance,15416,14448,-968
Apr,IT,19805,22533,2728
Jul,IT,17794,16493,-1301
Dec,Sales,17163,19298,2135
Apr,Marketing,11492,10168,-1324
Mar,Marketing,15287,16552,1265
Feb,Operations,10815,10817,2
Feb,IT,11918,14197,2279
Jun,Finance,6489,5500,-989
Aug,Sales,7131,9352,2221
Mar,Sales,19517,18319,-1198
Feb,Finance,15005,14051,-954
Jun,HR,12013,9238,-2775
Nov,Finance,8179,10747,2568
Feb,Finance,9740,12078,2338
Dec,HR,13855,10910,-2945
Feb,HR,6280,6094,-186
Mar,Operations,10302,8182,-2120
Apr,Sales,12628,10722,-1906
Oct,IT,18395,15545,-2850
Jun,IT,16083,17980,1897
Oct,Sales,12454,14743,2289
Sep,Sales,18873,19225,352
Aug,HR,15859,15709,-150
Feb,IT,19738,19133,-605
Sep,Marketing,18111,20282,2171
Sep,Marketing,6192,5459,-733
Jan,Operations,15328,13295,-2033
Aug,Finance,11874,14636,2762
Oct,Sales,7367,10037,2670
Nov,Operations,10750,11387,637
Jun,HR,9417,10722,1305
Nov,Sales,18768,20510,1742
Aug,Operations,10297,12220,1923
Apr,Sales,18669,16627,-2042
Dec,Operations,10557,10222,-335
Mar,Sales,7688,7486,-202
Jun,Marketing,16512,13671,-2841
Mar,Operations,12076,14258,2182
Sep,IT,14542,12684,-1858
Nov,Operations,8599,11371,2772
Oct,Operations,16513,14272,-2241
Jun,IT,17566,18919,1353
Nov,Operations,15306,15904,598
Jun,Marketing,15913,16784,871
Sep,Finance,7377,9697,2320
Sep,IT,5800,6669,869
Jan,HR,8542,11540,2998
Apr,Operations,5584,8256,2672
Mar,IT,12999,15401,2402
Aug,Finance,9310,9898,588
Jun,Marketing,7194,7273,79
Aug,HR,12132,14183,2051
Mar,Operations,10931,13524,2593
Jun,HR,14462,13225,-1237
Feb,IT,18949,17640,-1309
Apr,Finance,7852,6641,-1211
Nov,Sales,9652,9161,-491
Jun,Sales,8890,10434,1544
Jun,Marketing,7780,9042,1262
Jun,IT,18886,19317,431
Mar,Finance,6136,4442,-1694
Jul,Sales,6864,7289,425
Feb,IT,15827,14271,-1556
Aug,IT,11459,10504,-955
Nov,IT,7192,7264,72
Nov,HR,12686,10174,-2512
May,IT,12699,10601,-2098
Nov,Marketing,19275,17218,-2057
Feb,IT,6939,5445,-1494
Oct,Operations,19128,16888,-2240
May,Finance,7415,8216,801
Dec,Operations,9101,11393,2292
May,HR,9669,7759,-1910
Oct,Operations,10729,11553,824
Jan,Marketing,11486,11904,418
Jun,Sales,13063,15293,2230
Mar,Sales,16040,13918,-2122
Dec,IT,8888,6348,-2540
Jan,Operations,7093,5292,-1801
Jul,HR,13109,10528,-2581
Feb,HR,16898,16444,-454
Dec,Operations,8284,9465,1181
Jan,Finance,14650,15387,737
Jun,Sales,18192,15284,-2908
Jun,Sales,15266,14872,-394
May,HR,15026,17450,2424
Apr,HR,5937,6462,525
Mar,Operations,16783,15105,-1678
Jun,Operations,6415,8152,1737
May,Marketing,11115,11613,498
Nov,Operations,11507,12864,1357
Jan,Sales,14584,16089,1505
Nov,Sales,16293,15592,-701
Jan,HR,9500,11919,2419
Feb,Sales,6739,4991,-1748
Jun,Marketing,11860,13339,1479
Nov,Finance,9822,6824,-2998
Mar,IT,7119,6360,-759
Mar,Operations,9695,8873,-822
Jan,HR,17627,17306,-321
Feb,Operations,6698,6138,-560
Jan,IT,10925,11360,435
Aug,Operations,14253,13300,-953
Jun,Operations,5625,3717,-1908
Jun,Finance,16524,15300,-1224
Mar,Operations,18028,17973,-55
Oct,HR,9891,10404,513
Apr,Sales,14425,14160,-265
Aug,Finance,6369,7352,983
Apr,Sales,15436,14650,-786
Jul,Marketing,6068,8799,2731
Dec,Finance,8348,7656,-692
Mar,HR,11022,9367,-1655
Apr,Finance,11145,9401,-1744
Dec,Marketing,6627,7176,549
Apr,IT,5774,3912,-1862
Aug,Sales,16464,15023,-1441
Jul,Finance,14115,11301,-2814
Apr,IT,9141,9302,161
Sep,Marketing,9685,8281,-1404
Mar,Operations,16553,14102,-2451
Dec,Finance,19465,18661,-804
Aug,Marketing,13848,13760,-88
Dec,Sales,11399,12761,1362
Sep,Operations,18676,17569,-1107
Dec,Finance,17672,19991,2319
Feb,Marketing,6360,5907,-453
Oct,Marketing,16579,16061,-518
Nov,Operations,13278,12510,-768
Apr,IT,11337,13912,2575
Aug,Sales,5988,3020,-2968
Sep,Marketing,10357,11679,1322
Jul,Finance,8531,10152,1621
Mar,Operations,9630,10345,715
Jul,Sales,11257,12333,1076
Aug,Sales,5050,6802,1752
Feb,Finance,13392,12337,-1055
May,Finance,7570,9604,2034
Jan,Sales,9938,9462,-476
Dec,Marketing,6923,4502,-2421
Feb,Finance,6274,8691,2417
Jul,HR,19067,20975,1908
Mar,HR,10232,11802,1570
Apr,Marketing,9774,12259,2485
May,IT,11261,11921,660
Feb,Operations,11167,8992,-2175
Nov,HR,12882,11501,-1381
Sep,Operations,19851,22126,2275
Oct,Sales,10327,10562,235
Oct,IT,6447,6653,206
Feb,Operations,10654,10211,-443
Jun,Operations,19025,16475,-2550
Feb,Finance,19719,18743,-976
Apr,IT,5666,6186,520
Jul,HR,8644,8136,-508
Dec,Finance,8974,8497,-477
Jan,Marketing,9447,9021,-426
Mar,Marketing,16480,15988,-492
Mar,Finance,8327,5427,-2900
Jan,HR,17613,16520,-1093
Apr,Sales,5787,3771,-2016
Apr,Sales,10067,7501,-2566
Jul,Operations,17583,19063,1480
Nov,Finance,5396,7497,2101
Dec,Sales,8327,7979,-348
Nov,Operations,9488,6551,-2937
May,Operations,19090,19589,499
Nov,Sales,5422,2921,-2501
May,Marketing,7419,7832,413
Oct,Marketing,14845,14586,-259
Jun,Operations,6625,9178,2553
Nov,Operations,14127,14739,612
Jul,Operations,10368,8159,-2209
Mar,HR,10825,13114,2289
Nov,Finance,16284,18569,2285
Jan,Sales,16886,15458,-1428
Jan,Operations,19658,18044,-1614
Jun,Operations,6241,5320,-921
Apr,HR,11260,10339,-921
May,Finance,13138,15087,1949
Jul,Operations,11171,13272,2101
Jul,HR,5249,6418,1169
Jun,Operations,14188,13582,-606
May,Finance,10084,10001,-83
Sep,Marketing,12673,12373,-300
Jun,Sales,19748,18197,-1551
Oct,Operations,8397,8257,-140
Dec,Finance,8577,9476,899
Aug,Operations,14594,16313,1719
Mar,HR,7173,9386,2213
May,Marketing,17460,17802,342
Nov,Marketing,5253,5260,7
Jul,HR,12082,11175,-907
Jan,HR,16755,16072,-683
Oct,Finance,5991,6244,253
Jun,Operations,13478,14492,1014
Jul,Sales,11448,10591,-857
Oct,Finance,7558,5666,-1892
Jul,HR,13394,13932,538
May,HR,10159,7328,-2831
Sep,Operations,9666,9863,197
Oct,Marketing,7678,7597,-81
Sep,HR,17401,16556,-845
Apr,Finance,6688,8997,2309
Nov,Marketing,6903,8801,1898
Mar,Operations,9768,8808,-960
Sep,Sales,8139,9283,1144
Apr,Marketing,8346,6997,-1349
Aug,Operations,10427,8093,-2334
Jan,HR,17624,16693,-931
Oct,IT,15677,18530,2853
Aug,Marketing,8865,8947,82
Jun,HR,9236,11995,2759
Oct,HR,13828,16671,2843
Feb,Finance,14498,13374,-1124
Jul,Operations,19949,19744,-205
Jan,HR,13176,14977,1801
Jan,HR,16113,15945,-168
Sep,Sales,13802,12143,-1659
Mar,IT,15421,15410,-11
Feb,HR,15961,16850,889
Feb,Marketing,19236,21459,2223
Mar,Sales,11867,12943,1076
Oct,Sales,6793,9307,2514
Feb,Operations,15346,18111,2765
Feb,IT,18964,21784,2820
Sep,IT,5495,3192,-2303
Mar,IT,6375,6435,60
Sep,IT,15507,14732,-775
May,Sales,15269,13843,-1426
Apr,Sales,12378,12242,-136
Mar,Sales,8875,8385,-490
Sep,IT,6301,8194,1893
Feb,Finance,19631,20123,492
May,Sales,5054,6302,1248
Dec,HR,9788,9939,151
Dec,Finance,10212,7798,-2414
Aug,Marketing,12908,13875,967
Sep,HR,9490,11437,1947
Apr,Operations,11469,8807,-2662
Feb,IT,10168,7503,-2665
Feb,Operations,6921,6109,-812
Feb,Finance,14350,11438,-2912
Jan,HR,6496,4346,-2150
Oct,Sales,17426,18285,859
Dec,IT,13484,15242,1758
Aug,IT,6733,8572,1839
Apr,Operations,19051,19590,539
Apr,IT,16911,19442,2531
May,Finance,13960,14694,734
Nov,Finance,8841,6447,-2394
Jul,Finance,10355,10961,606
Apr,Operations,18034,20174,2140
Mar,HR,15119,13977,-1142
Jan,Operations,15273,16492,1219
Sep,Marketing,6995,4560,-2435
Jul,HR,6519,6536,17
Apr,HR,11119,8297,-2822
Jun,Finance,9431,9690,259
Jun,Marketing,13815,14630,815
Oct,Operations,10067,10031,-36
May,Finance,11844,13605,1761
Jan,Finance,5127,2316,-2811
Sep,Sales,12673,15309,2636
Dec,Finance,9758,12036,2278
May,Sales,6731,6477,-254
May,IT,19807,22293,2486
Mar,Operations,17778,17856,78
Aug,Marketing,16814,14033,-2781
Jan,IT,10618,13451,2833
Jan,Finance,12026,10423,-1603
Feb,Operations,9542,9346,-196
Mar,Marketing,8845,7409,-1436
May,IT,14997,13716,-1281
Jul,Sales,13286,14216,930
May,Sales,18971,16351,-2620
Aug,Finance,11277,10020,-1257
Apr,IT,15694,15078,-616
Oct,Operations,5089,5070,-19
Feb,HR,8862,10782,1920
Dec,HR,7422,4692,-2730
Jan,Operations,8187,6603,-1584
Oct,HR,14549,12911,-1638
Jan,IT,11038,8693,-2345
Nov,Marketing,16557,15031,-1526
Jan,Marketing,19779,17258,-2521
Jun,HR,18037,19407,1370
Jan,Finance,15596,16764,1168
Jul,Operations,15175,16504,1329
Oct,Sales,10341,9712,-629
Sep,Finance,6885,9438,2553
Sep,HR,15296,14150,-1146
Jan,Marketing,19766,22014,2248
Jan,Operations,10630,7862,-2768
May,HR,9936,10701,765
Mar,Operations,14607,14231,-376
Jan,IT,13409,16294,2885
Apr,Marketing,6531,4013,-2518
Apr,Operations,14837,17802,2965
Mar,Finance,13751,16499,2748
Oct,Finance,12772,13013,241
Aug,HR,15040,12106,-2934
Apr,Sales,14520,17012,2492
Mar,HR,18764,15826,-2938
May,Finance,18547,20595,2048
Feb,Finance,16822,17581,759
Sep,Operations,9168,10618,1450
Nov,Sales,7862,5927,-1935
Jun,HR,8585,8262,-323
May,Operations,7371,5990,-1381
Nov,HR,18370,21198,2828
May,Finance,16368,18380,2012
Feb,Marketing,16108,15910,-198
Sep,Marketing,15583,14507,-1076
Feb,Operations,11468,11302,-166
Jun,Finance,11893,10201,-1692
Aug,Finance,9332,8478,-854
May,IT,13203,14785,1582
May,IT,11158,9202,-1956
Oct,HR,18079,15136,-2943
May,Operations,13762,15129,1367
Sep,Finance,10697,12567,1870
Jan,Operations,18918,20884,1966
Jun,Operations,11899,14750,2851
Apr,Marketing,7853,5310,-2543
Jun,Marketing,15190,17601,2411
Dec,Sales,12390,14736,2346
Apr,Finance,10603,9854,-749
Aug,IT,7601,9347,1746
Feb,Operations,9712,10044,332
Jun,Operations,18155,16729,-1426
May,Finance,8547,8968,421
Oct,Finance,9725,7542,-2183
Jan,Operations,18724,19445,721
Mar,Sales,19733,21763,2030
Sep,Marketing,9715,7712,-2003
Aug,Finance,9261,6482,-2779
Feb,IT,12394,15267,2873
Jun,Marketing,13113,15015,1902
Nov,HR,7346,7379,33
Oct,Sales,6708,8604,1896
Sep,HR,18535,16396,-2139
Jun,IT,18081,19577,1496
Jun,Marketing,17528,20128,2600
Nov,HR,7375,8213,838
Apr,HR,14359,17095,2736
Dec,Operations,17426,18700,1274
Feb,Marketing,7941,7833,-108
May,IT,12833,14305,1472
Mar,HR,8432,11139,2707
Mar,Finance,5210,4518,-692
Nov,IT,17317,15803,-1514
May,Finance,14658,14288,-370
Apr,Sales,18067,18167,100
Oct,Operations,6984,6128,-856
Aug,Marketing,9180,6661,-2519
Dec,Marketing,9318,7943,-1375
Sep,IT,10680,8154,-2526
Nov,IT,11933,12259,326
Oct,Marketing,14090,11269,-2821
May,Marketing,15778,13283,-2495
Apr,Operations,10864,12624,1760
May,IT,6963,8070,1107
Apr,Marketing,10346,12218,1872
Sep,Finance,19313,18796,-517
Dec,Marketing,11383,11116,-267
Apr,HR,8560,9814,1254
Dec,Marketing,17948,18057,109
Feb,Operations,17984,15851,-2133
Jun,Operations,17635,19860,2225
Aug,Finance,15388,14403,-985
Oct,HR,14848,16350,1502
Apr,HR,9557,7247,-2310
Aug,IT,16747,18179,1432
Sep,Finance,12933,11683,-1250
Sep,Finance,16804,17867,1063
Jun,Sales,14926,13140,-1786
Nov,Finance,9752,10299,547
Dec,Finance,17277,14945,-2332
Feb,HR,8353,6483,-1870
Jun,Marketing,6783,5967,-816
Jun,Sales,13807,14412,605
Jul,Sales,10955,9770,-1185
Sep,Sales,9278,7596,-1682
Jan,Operations,10574,11816,1242
Aug,IT,17674,18787,1113
Jan,IT,6019,3267,-2752
May,Marketing,5206,7954,2748
Apr,Operations,9111,7850,-1261
Jul,IT,10070,10677,607
Apr,HR,11246,13303,2057
Mar,Sales,14230,15675,1445
May,Sales,13646,14275,629
Mar,Operations,13001,11832,-1169
Jun,Finance,15264,14352,-912
Jul,IT,9953,7183,-2770
Jan,Sales,7855,7746,-109
May,Sales,18005,15458,-2547
Nov,Operations,15865,13834,-2031
Oct,Marketing,10015,8122,-1893
Apr,Finance,5446,7414,1968
Aug,Operations,15017,14626,-391
May,HR,15472,17470,1998
Aug,Marketing,14268,15503,1235
Sep,Operations,16767,15233,-1534
Mar,HR,13616,12930,-686
Oct,Finance,6630,8410,1780
Aug,Operations,7380,5339,-2041
May,Operations,10483,9062,-1421
Apr,IT,10875,12970,2095
Feb,HR,18135,18490,355
Dec,HR,10498,8929,-1569
Apr,HR,7658,6117,-1541
Jul,Sales,6443,7951,1508
Oct,Operations,18803,19417,614
Oct,Marketing,14588,13709,-879
Oct,IT,13331,15403,2072
Mar,Operations,18054,19613,1559
Apr,Marketing,17370,17174,-196
Feb,HR,6281,7347,1066
Feb,Finance,7974,6566,-1408
Oct,Finance,13942,12266,-1676
Apr,Sales,11110,10167,-943
May,IT,8296,6323,-1973
May,Marketing,14178,16947,2769
Jul,Sales,9214,7731,-1483
Oct,Finance,9092,10187,1095
Jul,Finance,6444,3543,-2901
Mar,Marketing,18713,21688,2975
Dec,Marketing,6278,7468,1190
May,Operations,19556,18699,-857
Feb,Operations,9939,9514,-425
Dec,IT,5571,3063,-2508
Jan,Finance,14812,15869,1057
Apr,Marketing,16619,18876,2257
Apr,Finance,16038,15598,-440
Jun,HR,8809,7161,-1648
Sep,IT,13274,13644,370
Nov,Finance,8117,8921,804
Oct,Finance,6566,8321,1755
Apr,HR,15755,18521,2766
Sep,Operations,16630,16637,7
Feb,HR,5424,8197,2773
Jan,Finance,12324,14480,2156
Nov,Operations,14548,13644,-904
Aug,Marketing,14808,14157,-651
Jul,Sales,12167,11364,-803
Sep,Finance,18024,19038,1014
Mar,Operations,13457,14086,629
Aug,HR,18113,16984,-1129
Oct,HR,14578,12337,-2241
Nov,IT,9004,6420,-2584
Dec,Sales,18089,18795,706
Aug,Marketing,5141,3710,-1431
Oct,IT,8677,9194,517
Jul,Operations,5876,7934,2058
Mar,Finance,11206,10313,-893
Jun,Operations,6687,6526,-161
Jan,Finance,18442,16669,-1773
Jan,Sales,8516,9460,944
Oct,Operations,11939,9623,-2316
Aug,IT,8394,8371,-23
Oct,Operations,10910,13744,2834
Jun,Operations,11059,12329,1270
Nov,IT,14238,13176,-1062
Apr,Operations,14185,16063,1878
Nov,Sales,19299,18507,-792
Oct,Marketing,9679,6774,-2905
Apr,Operations,11273,13148,1875
May,HR,14720,14054,-666
May,Marketing,10624,8393,-2231
Aug,IT,17687,19061,1374
Mar,Finance,19790,18912,-878
Feb,Marketing,10991,9479,-1512
Aug,Marketing,16793,19111,2318
Apr,Finance,17104,19370,2266
Mar,IT,12436,12797,361
Feb,Finance,7441,8047,606
Aug,HR,16425,19133,2708
Feb,HR,18931,20459,1528
Dec,Finance,19621,20204,583
Dec,Finance,7307,10217,2910
Aug,Sales,14015,16779,2764
Feb,Sales,18528,21033,2505
Jan,IT,8473,6978,-1495
Nov,Sales,16871,15673,-1198
Mar,Finance,8728,6852,-1876
Jul,Sales,9589,6598,-2991
Oct,IT,19977,18783,-1194
Jan,Sales,8951,6918,-2033
Jun,Marketing,7997,5296,-2701
Oct,Finance,18016,20684,2668
Jun,IT,13622,12931,-691
Sep,IT,15574,17003,1429
Nov,IT,16922,18991,2069
Dec,IT,9290,11940,2650
Aug,Operations,6480,8067,1587
Feb,Operations,14749,12005,-2744
Jul,Marketing,16391,15765,-626
Feb,HR,12465,11418,-1047
May,Marketing,13564,13160,-404
May,HR,8559,10094,1535
Oct,Marketing,18019,20682,2663
Apr,Sales,5919,4509,-1410
Sep,HR,16053,14738,-1315
Aug,Sales,16219,16459,240
Jul,Finance,7122,4992,-2130
Dec,IT,11195,13022,1827
Sep,Marketing,19729,21543,1814
Dec,HR,17951,19665,1714
Jul,HR,13460,11468,-1992
May,HR,5761,6428,667
Oct,Sales,8175,9908,1733
Sep,Operations,11361,8574,-2787
Nov,Sales,11052,13382,2330
Aug,Operations,16760,18356,1596
Jan,Finance,10984,13065,2081
Jun,Sales,6235,4104,-2131
Apr,Sales,13000,14076,1076
Dec,HR,14581,16402,1821
Sep,Operations,10330,8174,-2156
Nov,IT,18242,16584,-1658
Sep,IT,14458,12701,-1757
Jun,Marketing,7350,5681,-1669
Oct,Finance,7301,5043,-2258
Feb,Operations,8439,9661,1222
Jan,Sales,19546,22482,2936
Nov,Sales,9972,7615,-2357
Jun,HR,17064,18957,1893
Sep,HR,19172,17119,-2053
Feb,IT,8998,6754,-2244
Jan,Sales,19231,20108,877
Aug,HR,8558,9513,955
Jan,Sales,17548,20087,2539
Mar,IT,14168,13346,-822
Jan,Operations,13675,15974,2299
Sep,Finance,9803,8366,-1437
Feb,Sales,10102,11448,1346
Mar,Operations,16184,17485,1301
Sep,Operations,5825,7924,2099
Dec,Marketing,14137,14073,-64
Jan,Finance,16803,19409,2606
Nov,Marketing,7982,10070,2088
Jul,Finance,7815,10579,2764
Aug,Marketing,16579,17721,1142
Sep,Marketing,18500,16465,-2035
Mar,Finance,13886,11194,-2692
Dec,Sales,17800,18382,582
Oct,Finance,16275,13357,-2918
Jul,Operations,19054,19446,392
Jun,Sales,5507,6134,627
Dec,Finance,8603,6321,-2282
Jun,Finance,5284,6223,939
Feb,Marketing,17746,19267,1521
Feb,IT,11263,13711,2448
Jun,Finance,17291,14382,-2909
Apr,Finance,5900,3904,-1996
Nov,Sales,14617,17297,2680
Jan,Finance,17182,14690,-2492
Jun,Finance,12887,12360,-527
Jun,HR,16327,19123,2796
Sep,Operations,17142,15793,-1349
Jun,Operations,16166,16638,472
Aug,IT,14314,13307,-1007
Jul,Marketing,5607,5060,-547
Jul,Marketing,19650,20678,1028
Mar,HR,15056,13265,-1791
Feb,Marketing,19018,17905,-1113
Jul,Operations,7887,6532,-1355
Jan,Sales,15314,14222,-1092
Oct,IT,11925,12278,353
Jan,Operations,15042,17759,2717
Sep,HR,12411,10092,-2319
Mar,Operations,8773,7203,-1570
Mar,IT,7369,8378,1009
Nov,IT,13955,13842,-113
Jul,IT,18322,17190,-1132
Aug,HR,9707,11308,1601
Jan,Finance,16669,18464,1795
Aug,Operations,17916,20191,2275
Jun,HR,11031,9606,-1425
Jan,HR,12138,11477,-661
Jan,IT,8706,9835,1129
Jan,Marketing,19879,22840,2961
Nov,Finance,9848,8589,-1259
Nov,Operations,17899,20344,2445
Jun,HR,14811,16226,1415
Dec,HR,17908,19406,1498
May,IT,10035,11020,985
Sep,Operations,7449,9540,2091
Dec,IT,10162,7781,-2381
Feb,Finance,18748,19271,523
Nov,Finance,13712,15749,2037
Nov,Operations,9862,10169,307
Sep,Finance,7238,10094,2856
Mar,Marketing,18668,16541,-2127
Mar,Finance,11270,9820,-1450
Jun,HR,17717,16242,-1475
Aug,Operations,9273,9825,552
Mar,Operations,18125,16349,-1776
Jan,HR,14428,12127,-2301
Feb,Operations,19557,20091,534
Nov,Marketing,15115,15042,-73
Oct,Marketing,17093,16176,-917
Apr,HR,17997,15762,-2235
Nov,Operations,7589,7313,-276
Sep,Finance,10861,10630,-231
Sep,Marketing,14027,12003,-2024
Nov,HR,15422,13360,-2062
Dec,IT,10875,8319,-2556
Oct,Sales,10412,9942,-470
Dec,IT,17746,18578,832
Sep,IT,14565,13898,-667
Nov,HR,7486,5822,-1664
Sep,HR,9443,12270,2827
Apr,Marketing,12889,12986,97
May,Finance,10867,9488,-1379
Oct,IT,5531,5721,190
Aug,Sales,14955,14426,-529
May,HR,9186,11488,2302
Mar,HR,16040,17378,1338
Jan,IT,17866,15811,-2055
Jun,HR,16382,18484,2102
Nov,HR,15322,12337,-2985
Aug,HR,12295,10806,-1489
Apr,Operations,17653,15003,-2650
Apr,Finance,5516,4278,-1238
Mar,HR,5476,5148,-328
Sep,Sales,7727,5699,-2028
Feb,Marketing,15818,16124,306
May,Operations,12761,14954,2193
Jan,Operations,7201,5010,-2191
Jan,Finance,6776,6323,-453
Feb,Operations,10107,8183,-1924
Jul,Marketing,11942,14224,2282
Apr,Finance,15456,15804,348
Oct,Sales,15934,14218,-1716
Jan,Finance,5742,8471,2729
Aug,IT,18334,17803,-531
Oct,Finance,15830,12948,-2882
Dec,HR,15537,16332,795
Aug,Finance,15375,17377,2002
Sep,Marketing,10150,9821,-329
Apr,Sales,8263,10775,2512
Sep,HR,12944,10158,-2786
Dec,Sales,7477,4739,-2738
Sep,Sales,18915,16930,-1985
Dec,IT,16715,18838,2123
Jan,Sales,11995,11612,-383
Feb,HR,7661,8794,1133
Nov,Finance,11055,11529,474
Aug,Sales,9038,9127,89
Jan,HR,8454,10025,1571
Apr,Sales,9328,11113,1785
Apr,Marketing,14824,13719,-1105
May,Operations,9019,6066,-2953
Oct,Operations,9055,11446,2391
Oct,Operations,8058,10653,2595
Jul,HR,9022,7473,-1549
Aug,Sales,5005,3540,-1465
May,IT,19638,18799,-839
Aug,Marketing,18221,16636,-1585
Nov,Marketing,13120,12626,-494
Jul,Operations,13348,12775,-573
Mar,IT,6486,9324,2838
Mar,Finance,9175,7634,-1541
Feb,Marketing,13998,13288,-710
May,IT,17583,14620,-2963
Apr,Finance,12120,11021,-1099
Feb,HR,14634,13026,-1608
Oct,Marketing,15139,17260,2121
Apr,Marketing,14991,15333,342
Jul,HR,14347,13716,-631
Dec,Sales,5361,5637,276
Feb,Marketing,5074,2686,-2388
Mar,HR,9395,11400,2005
Sep,Finance,8147,6165,-1982
Dec,Finance,12529,14558,2029
Sep,IT,7778,8684,906
Jun,HR,17572,19268,1696
Dec,Marketing,15746,16050,304
Feb,Sales,6743,5875,-868
Oct,IT,12942,13298,356
May,IT,16035,13163,-2872
Sep,Marketing,11252,8893,-2359
Feb,Marketing,12112,10933,-1179
Nov,IT,10840,13536,2696
Apr,HR,17749,18089,340
Aug,HR,5274,7096,1822
May,Finance,9242,10931,1689
Feb,Sales,14046,13742,-304
Jun,IT,11122,13441,2319
May,IT,15774,18675,2901
Aug,HR,15825,15126,-699
Sep,Operations,17176,15293,-1883
Jun,Finance,13752,13744,-8
Apr,Finance,15603,14567,-1036
Nov,Finance,12475,11252,-1223
Mar,HR,15309,14481,-828
Mar,Marketing,14370,11628,-2742
Sep,Finance,11156,8922,-2234
Jun,IT,9973,12184,2211
Aug,Sales,19626,19399,-227
Jul,Sales,16399,14811,-1588
Feb,Marketing,9679,10137,458
Dec,Marketing,12769,15484,2715
Mar,Finance,14935,15488,553
Sep,IT,5224,6599,1375
Jun,Operations,14543,13955,-588
Nov,Finance,9713,10826,1113
Oct,Marketing,8350,8473,123
Apr,HR,9815,11741,1926
Dec,IT,6298,7786,1488
Jun,Operations,6385,4151,-2234
Sep,HR,14267,14987,720
Sep,Finance,15913,18020,2107
Jun,Sales,12888,14443,1555
Jun,Marketing,11181,14089,2908
Jul,Marketing,9096,6500,-2596
Dec,HR,7444,5696,-1748
Dec,HR,10231,9371,-860
Dec,Finance,18941,20650,1709
May,HR,17628,19269,1641
Oct,Finance,9398,6568,-2830
Jun,Operations,10459,8020,-2439
Sep,Sales,5072,7226,2154
Feb,HR,16986,16008,-978
Jan,Finance,9677,7749,-1928
Feb,IT,16878,18642,1764
Mar,Finance,9405,10511,1106
Mar,Sales,14844,16039,1195
Aug,Marketing,10582,13521,2939
Nov,Sales,13256,13962,706
Mar,Sales,19949,18487,-1462
Dec,Sales,10421,11308,887
May,IT,8395,7773,-622
Aug,Operations,5053,6604,1551
Nov,Marketing,5412,8026,2614
Nov,Finance,12185,11332,-853
Jun,Finance,9561,7678,-1883
Jul,Sales,13799,15027,1228
Nov,IT,14393,12925,-1468
Mar,Marketing,6256,3377,-2879
Jul,Operations,16619,16638,19
Aug,HR,15022,17204,2182
Jul,IT,13331,12703,-628
Jun,HR,10840,11431,591
Oct,Sales,6294,7876,1582
Dec,Sales,6232,5361,-871
Apr,IT,5122,4642,-480
Aug,IT,10045,10339,294
Mar,Marketing,8938,8757,-181
May,Finance,15593,18555,2962
Apr,Marketing,12033,9288,-2745
Apr,Operations,8933,8373,-560
Aug,IT,18227,15953,-2274
Jan,Marketing,8274,8021,-253
Apr,HR,10387,12036,1649
Apr,Operations,15711,17484,1773
Aug,Sales,18498,20869,2371
Jul,Finance,13085,11187,-1898
Apr,Sales,17452,17548,96
Nov,Marketing,7867,7569,-298
Jan,Marketing,10002,9911,-91
Jan,Marketing,10095,10333,238
Apr,IT,12084,13864,1780
Jul,Sales,18465,17356,-1109
Jun,Operations,14365,11637,-2728
Jul,Marketing,5297,5459,162
Jan,Sales,13938,11887,-2051
Sep,Marketing,14367,15753,1386
Apr,IT,11334,11125,-209
Oct,HR,9722,11973,2251
May,Finance,13032,15189,2157
Nov,Marketing,19508,20652,1144
Feb,HR,17039,16742,-297
Oct,Sales,8203,8938,735
Aug,HR,8404,7818,-586
Apr,Sales,9258,9249,-9
Dec,IT,6609,7372,763
Mar,Finance,5969,6687,718
Dec,HR,6495,6161,-334
Sep,Sales,12476,14698,2222
Apr,Operations,13279,13782,503
Aug,Marketing,10508,8767,-1741
Apr,HR,6147,3167,-2980
Oct,Sales,13355,16246,2891
Feb,Sales,14818,16339,1521
Jun,Sales,15265,13873,-1392
Apr,Sales,10066,7427,-2639
Jul,Finance,8797,6474,-2323
Nov,Marketing,17952,17311,-641
Nov,Sales,8231,9373,1142
Sep,IT,18772,19531,759
Feb,Marketing,19757,22572,2815
Aug,Sales,14050,16288,2238
Jan,IT,17119,14170,-2949
Mar,Sales,14134,12555,-1579
May,Marketing,18541,18845,304
Jul,Sales,12958,13397,439
Jan,Operations,5830,4845,-985
Oct,Marketing,5877,4975,-902
Mar,Sales,9983,10621,638
Mar,Operations,6792,6536,-256
Mar,HR,7184,5477,-1707
Jan,IT,5365,3157,-2208
May,IT,5961,4820,-1141
Jun,HR,5768,8019,2251
May,HR,8873,6797,-2076
Mar,Operations,19656,19509,-147
Jun,Marketing,11701,11052,-649
May,HR,5101,6083,982
Jan,IT,18837,20815,1978
Sep,IT,17172,14458,-2714
Dec,IT,19337,16546,-2791
Nov,IT,9906,10623,717
Dec,Marketing,10287,13128,2841
Jul,IT,10442,9840,-602
Nov,HR,19112,18609,-503
Oct,Marketing,15795,18692,2897
May,IT,13279,14405,1126
Sep,HR,15253,16161,908
Jun,Marketing,12055,13571,1516
Jan,IT,6783,8392,1609
Nov,HR,19416,17827,-1589
Sep,IT,7881,6377,-1504
Feb,Operations,11797,14010,2213
Dec,IT,16899,14241,-2658
Apr,HR,12259,13288,1029
Sep,IT,14281,14121,-160
Dec,IT,16666,16596,-70
Mar,HR,15683,18103,2420
Oct,Operations,18068,17299,-769
Sep,Finance,15614,13612,-2002
Feb,Marketing,17220,14607,-2613
Oct,Operations,5225,3794,-1431
Nov,Sales,16351,16731,380
Sep,Finance,11270,13841,2571
Jul,HR,6203,7861,1658
Jul,IT,7840,10616,2776
Jul,Finance,6275,9218,2943
Jun,HR,17032,17688,656
Sep,HR,19877,21498,1621
Dec,Sales,10298,13166,2868
May,Marketing,19387,21657,2270
Mar,Marketing,18257,16669,-1588
Nov,IT,7500,9377,1877
Nov,Operations,7599,7450,-149
Nov,HR,7343,9775,2432
Mar,Finance,10563,7640,-2923
Aug,Sales,16529,15514,-1015
May,Operations,13446,13333,-113
Apr,Finance,14818,16862,2044
Jan,IT,7929,5046,-2883
Jan,Marketing,17389,15563,-1826
Oct,HR,9030,10285,1255
Jan,Marketing,10280,13055,2775
Jul,Marketing,19652,18958,-694
Jun,Finance,17551,18895,1344
Nov,IT,8373,8927,554
Nov,HR,17087,16229,-858
Mar,IT,10215,7803,-2412
Oct,HR,13830,15965,2135
Jun,Operations,7208,8299,1091
May,Finance,14550,17153,2603
Jan,Marketing,19378,16568,-2810
Apr,Operations,6524,5476,-1048
Jun,HR,12418,14651,2233
Oct,Sales,8455,9647,1192
Apr,Operations,6545,3747,-2798
Jan,Sales,19814,21172,1358
Dec,Marketing,17536,16122,-1414
Jul,Operations,13943,14614,671
Jan,IT,10097,7597,-2500
May,Operations,10581,11785,1204
Jul,Operations,9548,9157,-391
Aug,HR,11128,12440,1312
May,IT,15890,15471,-419
Aug,IT,9659,7896,-1763
Oct,IT,5151,6289,1138
Aug,Operations,5487,6034,547
Aug,Marketing,11081,8824,-2257
Nov,HR,6226,4856,-1370
Mar,Operations,9058,8297,-761
Jan,IT,6181,5816,-365
Feb,Marketing,19489,20882,1393
Dec,HR,7466,7451,-15
Dec,Operations,19442,22170,2728
Aug,IT,15726,14240,-1486
Jul,HR,6762,8728,1966
Oct,Operations,6173,5367,-806
Feb,Marketing,6447,5538,-909
Oct,Sales,16865,18414,1549
Dec,Operations,10062,8149,-1913
Jan,Finance,18025,20908,2883
Dec,Finance,17396,17762,366
Oct,Sales,8461,10817,2356
Aug,Operations,15263,17685,2422
Oct,IT,12517,11897,-620
Jan,HR,18597,18570,-27
May,Operations,9765,7299,-2466
Jan,Operations,15253,12729,-2524
Nov,Operations,17146,14855,-2291
Dec,Marketing,17115,18829,1714
Mar,IT,16107,13386,-2721
Sep,IT,16438,15719,-719
Feb,Marketing,19485,19397,-88
Dec,HR,19210,22072,2862
Nov,Marketing,9166,9575,409
Nov,Operations,9529,6746,-2783
Dec,IT,16750,14719,-2031
Jul,IT,11354,10856,-498
Jun,Sales,17824,14970,-2854
Mar,HR,16442,17393,951
Feb,Operations,11726,14493,2767
Feb,HR,8115,6687,-1428
Oct,HR,12755,14513,1758
Sep,HR,8627,8246,-381
Jun,IT,7288,8029,741
Feb,IT,18387,18686,299
Jul,Marketing,6625,6311,-314
Jan,Operations,8933,9336,403
Apr,HR,6880,7873,993
Oct,HR,11855,12855,1000
Apr,Operations,16712,18557,1845
Jun,IT,5819,8687,2868
Dec,Finance,13996,13530,-466
Mar,Operations,14230,12757,-1473
Jan,Operations,13383,13677,294
Sep,Operations,7420,10342,2922
Nov,HR,18749,21518,2769
Oct,Operations,5470,3661,-1809
Sep,Finance,14915,13092,-1823
May,Marketing,10083,9450,-633
Aug,Finance,15615,13890,-1725
Aug,Sales,15473,15200,-273
Mar,Operations,15503,13157,-2346
Aug,HR,7199,4537,-2662
May,IT,8276,5504,-2772
Jan,Sales,5407,4222,-1185
May,Sales,18012,17986,-26
Jan,IT,6362,5474,-888
Nov,Operations,14694,12709,-1985
Feb,HR,10357,8348,-2009
Mar,HR,14877,12306,-2571
May,HR,7274,9177,1903
Feb,Marketing,5588,3784,-1804
Mar,Finance,14902,14050,-852
Apr,IT,14574,17046,2472
May,IT,13789,11015,-2774
Nov,Operations,19130,19817,687
Jul,Marketing,9463,10747,1284
Jan,IT,5671,8217,2546
Aug,Marketing,18408,19747,1339
Feb,Marketing,9731,9672,-59
Mar,HR,17366,15145,-2221
Apr,Operations,11541,9782,-1759
Mar,Finance,7601,8673,1072
Aug,Sales,17693,17851,158
Jan,Sales,17801,16147,-1654
Jun,Sales,19861,20642,781
Mar,Finance,10980,10186,-794
Aug,IT,19916,17196,-2720
May,Sales,7262,10182,2920
May,IT,15602,17057,1455
Jun,Sales,16412,14107,-2305
Oct,Operations,7870,7231,-639
Jul,Finance,7186,5187,-1999
Jul,IT,12767,12836,69
Nov,HR,19916,18963,-953
Jan,IT,19799,19691,-108
Dec,IT,7983,6104,-1879
Sep,Sales,18388,19375,987
Oct,IT,7373,7866,493
Oct,IT,14282,12581,-1701
May,Marketing,16632,17737,1105
Nov,Operations,17868,18229,361
Jul,IT,7291,6218,-1073
Jan,Sales,16256,14303,-1953
Dec,Finance,10907,10627,-280
Mar,Sales,9686,11803,2117
Nov,IT,5429,2983,-2446
Apr,Sales,16876,16826,-50
Aug,Sales,19977,21382,1405
Feb,Sales,12702,14015,1313
Mar,Sales,18365,21319,2954
Mar,Sales,7002,4836,-2166
Jan,Operations,7635,7499,-136
Dec,Operations,16109,17517,1408
Feb,Marketing,9408,11783,2375
Feb,Operations,13102,13082,-20
Nov,Finance,13341,13281,-60
Oct,HR,5869,5578,-291
Mar,Marketing,5460,2537,-2923
Feb,Sales,14933,12013,-2920
Jun,IT,13477,11232,-2245
Feb,HR,13294,11558,-1736
May,Operations,13425,14121,696
Aug,Finance,18284,15897,-2387
Apr,Finance,18592,19802,1210
Sep,HR,13353,12774,-579
Mar,Marketing,12820,10176,-2644
Apr,HR,13034,14283,1249
Feb,Sales,16341,19286,2945
May,IT,11006,10860,-146
Sep,Finance,12278,12395,117
Aug,Sales,11601,14371,2770
May,Marketing,5719,6943,1224
Aug,Finance,9760,10764,1004
Oct,IT,19217,21496,2279
Sep,Operations,18051,17187,-864
Dec,Marketing,6953,8274,1321
Jun,Operations,7745,5771,-1974
Dec,Finance,8684,10852,2168
Jul,Operations,9252,11577,2325
Jun,Finance,10706,12100,1394
Dec,IT,12220,14042,1822
Nov,Marketing,19391,17433,-1958
Jun,Finance,13237,12316,-921
Nov,IT,11738,13511,1773
Aug,Sales,17805,16382,-1423
Nov,Operations,8917,9676,759
Oct,IT,10619,9155,-1464
Sep,IT,15578,12797,-2781
Aug,HR,12636,15386,2750
Jan,HR,13632,15190,1558
Jan,Finance,9878,9606,-272
Oct,HR,7431,8108,677
Jul,Sales,11767,10873,-894
Jan,HR,11622,9763,-1859
Sep,Operations,9558,12112,2554
Jul,Operations,16381,17193,812
Sep,Sales,12960,10033,-2927
Apr,Sales,15482,13451,-2031
Apr,Finance,15593,15819,226
Oct,Operations,17569,18537,968
Dec,Finance,18916,16633,-2283
Apr,Operations,6947,6044,-903
May,IT,19572,17482,-2090
Nov,Marketing,18488,16063,-2425
Jul,HR,18874,16491,-2383
Jan,Operations,7607,7662,55
Jul,HR,5545,7090,1545
Mar,Operations,14106,13939,-167
Jul,Sales,16911,17636,725
Sep,Operations,16650,18023,1373
Jan,HR,18096,16913,-1183
Nov,HR,18321,18101,-220
Dec,Sales,7264,8384,1120
Apr,IT,11740,12823,1083
Jan,IT,5332,3827,-1505
May,Finance,12150,13506,1356
Aug,IT,13984,12687,-1297
Sep,HR,14513,13101,-1412
Jul,HR,8057,10930,2873
Jun,Operations,8902,6170,-2732
Sep,HR,11058,10894,-164
Jun,HR,11359,8942,-2417
Mar,Marketing,5698,6975,1277
Apr,Sales,13214,15671,2457
Nov,HR,11864,14591,2727
Sep,Marketing,13565,16081,2516
Apr,Sales,7570,5446,-2124
May,Sales,14026,16565,2539
Jun,Operations,16273,15944,-329
Sep,Operations,14591,17401,2810
Mar,Operations,9312,8977,-335
Sep,Sales,16551,13932,-2619
Jan,Finance,14432,12611,-1821
Mar,Sales,12462,12481,19
Aug,Sales,8506,5861,-2645
Jul,Operations,6640,3788,-2852
Oct,Finance,14465,17107,2642
Jul,IT,17387,18872,1485
Aug,Sales,8758,8108,-650
Jan,IT,15429,16326,897
Nov,Sales,12555,13444,889
Jun,HR,7621,8095,474
Sep,Sales,7830,7245,-585
Sep,Finance,14766,17209,2443
Apr,HR,19453,20166,713
Aug,IT,6135,5942,-193
Feb,Marketing,7935,10904,2969
Aug,Sales,13549,12101,-1448
Mar,Sales,17555,17263,-292
Jan,Marketing,6119,4320,-1799
Jun,Operations,11145,13307,2162
Sep,HR,5430,6385,955
Jun,IT,9900,10204,304
Oct,Operations,12120,14790,2670
Jul,Marketing,15944,17851,1907
Apr,HR,11796,11759,-37
Jan,Marketing,6971,8909,1938
Oct,Marketing,9516,7834,-1682
May,Marketing,18374,16424,-1950
Aug,Marketing,14923,16651,1728
Feb,Operations,8777,6688,-2089
Mar,Operations,18090,15542,-2548
Apr,Operations,13647,16019,2372
Feb,Marketing,17649,20648,2999
May,Sales,8747,9952,1205
Apr,IT,6644,5344,-1300
Feb,Operations,11790,14250,2460
Jun,IT,13503,14849,1346
May,Sales,14934,13975,-959
Jun,Marketing,7993,8845,852
Dec,Operations,18129,20607,2478
Mar,Finance,14161,12937,-1224
Dec,Finance,6895,8253,1358
Nov,Marketing,6274,7531,1257
May,Finance,15113,15320,207
Dec,Sales,10935,8420,-2515
Jan,Finance,10861,7940,-2921
Jul,Operations,6982,6610,-372
Apr,Operations,19426,20612,1186
Jun,HR,12602,10213,-2389
Apr,Sales,13747,13700,-47
May,HR,11568,9560,-2008
Mar,Marketing,14525,13596,-929
Dec,HR,19096,16651,-2445
Sep,Operations,11165,10951,-214
Apr,Sales,18568,20905,2337
Mar,Sales,6593,7675,1082
May,Operations,11874,13525,1651
Sep,HR,6865,8969,2104
Jun,Operations,19217,20951,1734
Oct,HR,17827,20563,2736
Jan,Operations,18644,20439,1795
Nov,Operations,17894,19459,1565
Apr,Marketing,12393,14277,1884
Nov,Marketing,16370,15954,-416
Apr,Sales,12726,13137,411
Sep,Operations,14709,14268,-441
May,Finance,7298,8372,1074
Mar,Sales,17964,20625,2661
Sep,HR,5941,5953,12
Sep,IT,18133,17059,-1074
Sep,Finance,9173,10368,1195
Aug,Finance,5837,7806,1969
Nov,Operations,17571,18415,844
Nov,Sales,10455,9272,-1183
Jan,Finance,11099,9409,-1690
Mar,Sales,19428,22024,2596
Feb,Operations,14496,16549,2053
Jul,IT,6449,8129,1680
Nov,HR,10380,10239,-141
Jun,HR,14337,14067,-270
Nov,IT,5129,5139,10
Jul,HR,19660,20144,484
Oct,Finance,8907,6836,-2071
Feb,HR,18995,21705,2710
Jul,HR,7191,8572,1381
Jan,HR,10396,9685,-711
Sep,Sales,5545,5096,-449
Jan,IT,13379,10937,-2442
Apr,Marketing,19331,18526,-805
Aug,IT,6906,6285,-621
Jan,Sales,15646,12709,-2937
Jul,Finance,16986,17811,825
Apr,HR,7660,9964,2304
Oct,IT,15441,17331,1890
Feb,Finance,6323,8638,2315
Sep,IT,12766,11684,-1082
Feb,HR,10848,10657,-191
May,Sales,14328,11360,-2968
Aug,Marketing,18797,18489,-308
Jun,HR,12639,13349,710
Apr,Operations,7334,7446,112
Jan,Operations,13884,10939,-2945
Sep,Operations,17778,20045,2267
Feb,Marketing,19974,21620,1646
May,Operations,9719,8035,-1684
Mar,Sales,15637,14417,-1220
Apr,IT,13669,14801,1132
Apr,Finance,6484,7700,1216
Apr,IT,17627,18011,384
Mar,Operations,14018,11378,-2640
Jun,Marketing,16003,15292,-711
Jul,Sales,17165,16089,-1076
Mar,IT,8868,9843,975
Mar,HR,5324,7852,2528
Oct,Marketing,15415,17879,2464
Oct,Marketing,10587,8922,-1665
Jan,Sales,17176,19127,1951
Apr,Finance,18574,16970,-1604
Apr,HR,9882,9842,-40
Dec,Sales,10424,10168,-256
Jun,Operations,15171,15240,69
Feb,Sales,10302,11537,1235
Feb,Operations,8250,8152,-98
Nov,Marketing,17628,15612,-2016
May,Sales,10555,11229,674
May,Sales,10726,12594,1868
Oct,Finance,12935,15254,2319
Sep,Operations,14857,12020,-2837
May,Sales,10154,9712,-442
Oct,IT,15305,18138,2833
Sep,Sales,8647,6258,-2389
Nov,Sales,12611,10064,-2547
Aug,Marketing,13399,16066,2667
Dec,HR,14535,15798,1263
Oct,Sales,16481,15902,-579
Jul,HR,17046,16634,-412
Oct,IT,9850,7461,-2389
Oct,Finance,19588,21678,2090
Jan,IT,7599,5734,-1865
Jun,Operations,16264,16380,116
Jan,IT,11229,9358,-1871
May,Sales,6983,6754,-229
May,Operations,5812,6183,371
Dec,Sales,16311,17959,1648
Aug,Marketing,6902,8789,1887
Apr,Marketing,10044,8023,-2021
Feb,IT,10283,13069,2786
Oct,HR,17673,17441,-232
Dec,Marketing,14594,17095,2501
Oct,HR,8505,11049,2544
Mar,Sales,15935,14306,-1629
May,Operations,7533,4589,-2944
Aug,Marketing,19313,19848,535
May,HR,8959,9124,165
Jan,Operations,7981,7726,-255
Jan,Finance,7725,8142,417
Feb,Operations,13092,12541,-551
Apr,HR,12502,10615,-1887
Jun,IT,15814,18312,2498
Feb,HR,19039,21828,2789
Dec,Operations,17903,17132,-771
Nov,Operations,10958,9479,-1479
Nov,Operations,6534,9243,2709
Aug,Sales,9880,7948,-1932
Jul,IT,7329,9720,2391
Apr,Marketing,19030,18294,-736
Mar,IT,19482,18699,-783
Mar,Operations,5891,8020,2129
Aug,Finance,16706,18678,1972
Sep,Sales,18279,17681,-598
Aug,Operations,10588,9705,-883
Sep,Operations,18221,19756,1535
Sep,Finance,7417,7395,-22
May,IT,18280,20945,2665
Dec,Finance,19925,18933,-992
Apr,Operations,16680,16284,-396
Jun,Marketing,8155,10750,2595
Aug,Marketing,19200,16523,-2677
Jun,Finance,13778,14378,600
Jan,Operations,19051,19669,618
Nov,Sales,17868,19020,1152
Jul,Sales,7554,10233,2679
May,HR,11612,9578,-2034
Jan,IT,6550,9068,2518
Sep,Operations,15308,13901,-1407
Aug,Operations,11153,8890,-2263
Aug,Operations,7923,9692,1769
May,Marketing,8273,6232,-2041
Apr,Finance,12222,13578,1356
Jun,Operations,16694,18848,2154
Nov,Operations,16673,14145,-2528
May,HR,17256,17228,-28
Dec,IT,18929,19406,477
May,IT,7187,9496,2309
Aug,HR,19030,20792,1762
Sep,IT,17102,18031,929
Jan,Operations,5692,2723,-2969
Oct,Finance,13339,13131,-208
Feb,IT,7431,6362,-1069
Feb,Operations,17496,19886,2390
Dec,Marketing,11393,10253,-1140
Jan,Operations,12416,12662,246
Sep,HR,8342,9603,1261
Feb,Marketing,13451,10765,-2686
Feb,Finance,15873,18492,2619
Mar,Finance,11245,10806,-439
Feb,Sales,10486,12914,2428
Jan,Finance,13225,13220,-5
Apr,Sales,8361,10514,2153
Aug,Finance,14267,16679,2412
Jul,HR,6266,7334,1068
Jan,HR,14185,11649,-2536
Jul,Marketing,6230,3482,-2748
Jun,HR,8041,5562,-2479
Oct,Sales,13959,13589,-370
Aug,Operations,19083,19185,102
Nov,Sales,11910,14034,2124
May,Sales,18960,16143,-2817
Jul,Operations,17874,16341,-1533
Oct,Sales,10854,10098,-756
Oct,IT,14047,14177,130
Jan,Sales,7320,7703,383
Jul,Finance,9333,10759,1426
Aug,Marketing,7254,8306,1052
Nov,Operations,7851,5168,-2683
May,Marketing,16766,16818,52
Aug,Sales,9953,8887,-1066
Mar,IT,14215,13617,-598
Feb,Sales,11060,10559,-501
Nov,Operations,11640,9787,-1853
Feb,HR,13024,14558,1534
Sep,IT,6948,4317,-2631
Feb,Finance,9758,11905,2147
Feb,Marketing,5498,4118,-1380
Sep,IT,8355,10844,2489
May,HR,5447,2998,-2449
Aug,Finance,11222,9366,-1856
May,IT,14113,12603,-1510
Nov,Sales,15877,18856,2979
Mar,IT,5861,6704,843
Oct,Finance,6693,6083,-610
Dec,IT,17895,16976,-919
Aug,Finance,10541,13240,2699
Nov,HR,7053,6367,-686
Apr,HR,6568,4788,-1780
Sep,HR,9492,10622,1130
Feb,Finance,11407,9426,-1981
Dec,Sales,6601,5377,-1224
Aug,Operations,16703,15538,-1165
Mar,Operations,12843,14787,1944
Aug,IT,19399,21713,2314
Dec,IT,19699,22233,2534
Jan,Sales,13237,10907,-2330
Jan,Finance,17697,18910,1213
May,Marketing,17589,18406,817
Jan,HR,15526,13281,-2245
Sep,HR,8934,7297,-1637
Nov,HR,5768,7874,2106
Nov,Finance,13919,13795,-124
Aug,Sales,5374,5224,-150
Feb,IT,8337,9610,1273
Aug,HR,8120,5978,-2142
Jul,Sales,16564,18477,1913
May,IT,8988,11788,2800
Dec,HR,11899,12795,896
Mar,Sales,8078,9478,1400
Apr,Operations,18357,17130,-1227
Oct,Sales,10169,9540,-629
Mar,Operations,5360,6576,1216
Sep,Sales,14111,14227,116
May,Operations,11032,9541,-1491
Feb,HR,8153,10020,1867
Nov,IT,13747,16180,2433
Dec,Sales,9684,7530,-2154
Jan,IT,15675,13921,-1754
Oct,IT,17221,16010,-1211
Jan,Finance,19798,19900,102
Aug,Marketing,18357,16554,-1803
May,Sales,10832,12582,1750
Dec,Operations,9441,9269,-172
May,Operations,6316,7458,1142
Jan,Marketing,10222,7295,-2927
May,Marketing,8166,10344,2178
Jun,HR,7468,9133,1665
Jun,Marketing,9033,7423,-1610
Apr,Sales,15069,15871,802
Jul,Marketing,19396,19729,333
Aug,Sales,12767,15144,2377
Jun,Operations,16106,16518,412
Apr,Sales,7678,8579,901
Dec,Sales,17893,17216,-677
Apr,IT,11805,12360,555
Aug,IT,18305,20017,1712
Jul,IT,9329,7516,-1813
Feb,Marketing,7968,10048,2080
Aug,Marketing,13930,14120,190
Nov,Finance,12933,12606,-327
Sep,HR,19940,17307,-2633
Oct,Finance,12946,13029,83
May,IT,6183,4074,-2109
Nov,HR,19874,18917,-957
Apr,Finance,19948,18244,-1704
Jul,Sales,11560,13129,1569
Dec,IT,11567,9098,-2469
Mar,Finance,12450,10691,-1759
Dec,Operations,16190,18135,1945
Apr,Sales,15656,15234,-422
Jul,Operations,11980,9917,-2063
Jun,HR,8646,10506,1860
Jul,Sales,17497,15282,-2215
Nov,Operations,15552,12822,-2730
Jul,HR,6875,5501,-1374
Jun,Operations,17265,14818,-2447
May,Sales,16996,19708,2712
Mar,Marketing,11453,13657,2204
Oct,IT,9448,11495,2047
Aug,IT,5868,8605,2737
Jul,Operations,13861,15304,1443
Sep,Sales,13504,11014,-2490
Sep,Operations,11376,12664,1288
Jul,Marketing,19966,17147,-2819
Apr,Marketing,10237,9936,-301
Nov,HR,16378,14943,-1435
Sep,Sales,5649,8435,2786
Feb,Sales,8607,8907,300
Apr,Operations,15288,14203,-1085
Jun,HR,9915,10991,1076
Dec,IT,8606,8709,103
Oct,Marketing,7486,10168,2682
Oct,Sales,12519,12632,113
Apr,Marketing,9633,11624,1991
Feb,Sales,16367,17164,797
Aug,Operations,16983,15927,-1056
Oct,Sales,13456,14602,1146
Mar,HR,10877,11217,340
Apr,IT,7148,4804,-2344
Oct,Sales,5748,3950,-1798
Jun,Marketing,7569,4877,-2692
Jun,Marketing,13301,11814,-1487
Dec,Operations,11888,11693,-195
Feb,Finance,8714,7896,-818
Mar,Finance,7598,10065,2467
Mar,Marketing,6156,7654,1498
Jul,Marketing,17282,15038,-2244
Jun,Marketing,8114,8983,869
Sep,Sales,15085,14069,-1016
Jan,IT,19279,20050,771
Apr,Sales,19284,18542,-742
Feb,Sales,6382,7332,950
Mar,Finance,6348,3771,-2577
Nov,HR,12886,13165,279
Nov,Operations,14358,16387,2029
Sep,Sales,11209,13134,1925
Aug,Finance,5844,3596,-2248
Sep,Marketing,19787,18619,-1168
May,HR,8300,7819,-481
Apr,Operations,11366,14298,2932
Feb,Finance,19745,19822,77
Feb,IT,13050,13070,20
Aug,HR,7888,8562,674
Oct,Finance,13038,15935,2897
Apr,Operations,9338,11761,2423
Aug,Finance,14607,14216,-391
Aug,Finance,18977,18613,-364
Apr,Marketing,11265,13720,2455
Mar,Finance,19146,19050,-96
Aug,IT,14819,14933,114
Jan,Marketing,13546,15305,1759
May,IT,13375,14414,1039
Mar,HR,11874,11950,76
Jun,Marketing,13896,15094,1198
Apr,IT,17877,19774,1897
Jan,HR,13033,12228,-805
May,Sales,9562,12531,2969
Aug,Sales,6176,6249,73
Feb,Operations,9015,11269,2254
Feb,IT,7811,9858,2047
Jun,Operations,16651,16736,85
Oct,HR,16836,15768,-1068
Sep,Sales,19423,17700,-1723
Oct,Marketing,14089,16828,2739
Oct,HR,14560,13361,-1199
Mar,Operations,11318,13412,2094
Sep,Sales,18654,17082,-1572
Sep,Finance,18497,18800,303
Jul,Marketing,7363,9671,2308
Jan,IT,14121,12352,-1769
Sep,Marketing,14985,12487,-2498
Sep,Marketing,17121,18740,1619
May,Sales,19959,18855,-1104
Apr,Operations,18889,18923,34
Nov,HR,5015,7225,2210
Feb,Sales,15453,14961,-492
Sep,Marketing,7107,4138,-2969
Dec,HR,6264,3521,-2743
Feb,HR,8963,9948,985
Oct,Marketing,15404,16315,911
May,Finance,15208,13128,-2080
Mar,Operations,19929,21519,1590
Aug,IT,18877,17898,-979
May,Finance,5412,5424,12
May,Finance,18134,18388,254
Sep,Operations,13288,12880,-408
Apr,Marketing,13701,16169,2468
Sep,IT,6735,6621,-114
Oct,Operations,18632,15816,-2816
Oct,Sales,6283,3567,-2716
Dec,Marketing,19387,18401,-986
Sep,IT,18347,18938,591
Jul,Sales,6037,5157,-880
May,Finance,7063,10059,2996
Nov,Marketing,16081,16475,394
Sep,Marketing,16956,15174,-1782
Jan,HR,19872,19138,-734
Oct,Marketing,7375,4767,-2608
Feb,IT,11037,11818,781
Feb,Operations,15454,12486,-2968
Nov,Sales,13049,15737,2688
Oct,Marketing,11913,9567,-2346
Dec,Marketing,9070,9507,437
May,HR,16969,18094,1125
Jul,Sales,14921,15273,352
May,Finance,5879,8704,2825
Dec,Operations,18470,17713,-757
Apr,Marketing,10428,13097,2669
Sep,Marketing,8207,7654,-553
Jun,HR,13732,12636,-1096
Sep,HR,19161,21643,2482
Oct,Marketing,10341,13078,2737
Jan,Sales,11991,14017,2026
Jul,Operations,17583,19725,2142
May,IT,17365,16968,-397
Dec,HR,10450,12458,2008
Mar,Sales,15861,17888,2027
Jan,Marketing,10745,10075,-670
Jul,Marketing,6276,5796,-480
Apr,Operations,15830,14701,-1129
May,Finance,16547,14377,-2170
Dec,Marketing,5917,6794,877
Oct,Operations,9509,10147,638
Nov,IT,6724,6466,-258
Sep,IT,19068,19948,880
Dec,Operations,7972,6845,-1127
Mar,HR,7089,5567,-1522
Aug,IT,5509,5612,103
Aug,HR,10694,9461,-1233
Sep,IT,17317,17672,355
May,Finance,18565,15586,-2979
Aug,Operations,12369,10615,-1754
Apr,IT,15387,14952,-435
Feb,Marketing,8245,9505,1260
May,HR,5623,8115,2492
Mar,Sales,13841,16765,2924
Apr,IT,12603,12166,-437
Dec,HR,6117,4163,-1954
Aug,Sales,13858,13775,-83
Nov,IT,12455,13096,641
Jan,HR,9940,7619,-2321
Nov,HR,6227,4436,-1791
Jul,Sales,16953,14043,-2910
Mar,Operations,8958,6139,-2819
Nov,Finance,9387,7664,-1723
Oct,Finance,8942,7882,-1060
Nov,IT,14789,13481,-1308
Sep,Finance,5923,5044,-879
Jun,Marketing,14712,16659,1947
Jul,Sales,6617,9194,2577
Sep,Sales,18228,17524,-704
Oct,Finance,13005,13603,598
Jun,Marketing,15069,12279,-2790
Apr,IT,11806,9621,-2185
Oct,Operations,8017,10976,2959
Dec,Finance,8335,10911,2576
May,Sales,11172,9500,-1672
Sep,Operations,18040,19838,1798
Jul,Operations,11917,13115,1198
Sep,Operations,6037,3225,-2812
Jun,IT,16147,13968,-2179
Mar,Finance,7623,6773,-850
Oct,HR,7252,6550,-702
Jan,IT,15878,15697,-181
Nov,HR,9990,9144,-846
Sep,Marketing,12915,11638,-1277
Mar,HR,17133,17321,188
Mar,Operations,13376,16165,2789
Aug,Finance,6691,9312,2621
Sep,Operations,12198,14190,1992
Dec,HR,6110,6554,444
Nov,Finance,8169,5172,-2997
Jun,Sales,19151,18755,-396
Apr,HR,15932,13662,-2270
Nov,Sales,15432,17868,2436
Feb,Operations,9576,12153,2577
Dec,Sales,12413,12714,301
Jan,Sales,9987,9244,-743
Oct,HR,13477,15476,1999
Jan,HR,19638,21344,1706
Dec,IT,8623,5994,-2629
Mar,Finance,17158,14814,-2344
Apr,Sales,5304,6708,1404
Mar,Operations,12061,11364,-697
Feb,Operations,16497,16385,-112
May,Sales,11772,9393,-2379
May,Operations,14044,13850,-194
Apr,Operations,19896,17591,-2305
May,IT,12771,11163,-1608
Feb,Operations,11162,13521,2359
Feb,HR,10189,8823,-1366
Aug,HR,19450,18386,-1064
May,IT,16823,16754,-69
Dec,Marketing,17317,15774,-1543
Apr,Finance,11503,9487,-2016
Nov,Marketing,17218,17465,247
Nov,Operations,6771,9626,2855
Nov,IT,7319,9528,2209
Feb,Sales,10283,12090,1807
Feb,Sales,18507,20360,1853
Mar,Sales,11655,11664,9
Oct,Sales,6519,7285,766
Mar,Marketing,17268,19472,2204
May,HR,15338,16194,856
Mar,IT,19861,17315,-2546
May,Sales,15849,18463,2614
Jun,Sales,8519,11327,2808
Sep,Marketing,16213,17030,817
Jul,Marketing,12449,12336,-113
Jan,Operations,5711,2906,-2805
Jan,Operations,18699,21161,2462
Apr,IT,14340,15332,992
Apr,IT,19830,17018,-2812
Jun,Sales,18653,20733,2080
Jan,Sales,17716,16357,-1359
Sep,Sales,6016,5626,-390
May,Finance,6913,6680,-233
May,Marketing,6896,5735,-1161
Dec,Finance,11962,14354,2392
May,HR,19764,21157,1393
Jun,HR,11418,11650,232
Jun,Operations,18772,19785,1013
Apr,HR,16119,14243,-1876
Nov,HR,8061,5868,-2193
Sep,Marketing,11791,13853,2062
Apr,Marketing,9572,9479,-93
Jan,IT,13771,16681,2910
Jun,Marketing,16302,14810,-1492
Jun,Finance,5830,3331,-2499
Jul,Sales,14019,11096,-2923
May,HR,18598,21043,2445
Aug,Operations,17941,18869,928
Sep,IT,10840,11479,639
Apr,Sales,14691,16027,1336
Dec,IT,16553,14320,-2233
Sep,Marketing,9512,11077,1565
May,Marketing,18548,20903,2355
Sep,Finance,7373,9461,2088
Jul,Sales,16468,15353,-1115
Dec,IT,6138,6651,513
Sep,Finance,16109,17621,1512
May,Sales,7080,6716,-364
Oct,Sales,18396,20630,2234
Oct,Operations,15054,13822,-1232
Dec,Finance,8164,10593,2429
Feb,IT,6562,3835,-2727
Jun,Sales,7144,6832,-312
Feb,Finance,19914,22854,2940
Nov,Finance,10132,11887,1755
Nov,Operations,15914,17747,1833
Jun,Sales,9255,11230,1975
Jul,Marketing,14415,16802,2387
Jan,IT,12930,13060,130
May,Operations,17298,16080,-1218
Jan,Finance,13847,15634,1787
Mar,Marketing,16712,14590,-2122
Sep,HR,18710,17855,-855
Apr,Marketing,5050,4866,-184
Apr,HR,14556,15819,1263
Nov,Sales,11772,12476,704
Mar,HR,18536,17062,-1474
Apr,Finance,19390,18653,-737
Jul,IT,13594,14443,849
Oct,IT,15265,13810,-1455
May,Marketing,7298,8798,1500
Jun,Sales,19309,17335,-1974
Apr,Finance,14931,17433,2502
Nov,IT,6780,8917,2137
Dec,IT,5792,8341,2549
Aug,Finance,10922,13030,2108
May,Marketing,18818,18746,-72
May,Sales,7731,5205,-2526
Mar,IT,15389,18125,2736
Jul,Marketing,16005,13628,-2377
Oct,IT,14223,12275,-1948
Mar,IT,8163,8050,-113
Apr,Sales,17316,16531,-785
Feb,Operations,7617,9160,1543
Sep,Sales,17357,16803,-554
Mar,HR,5581,8381,2800
Mar,Sales,17647,17031,-616
Mar,HR,18688,15819,-2869
Jun,HR,7487,6133,-1354
Oct,IT,6466,6805,339
Dec,HR,10404,11233,829
Oct,Marketing,16350,17631,1281
Sep,Marketing,17002,14091,-2911
Jun,HR,9152,7941,-1211
Jan,Marketing,18836,16174,-2662
Jul,Operations,15207,13044,-2163
Jul,Marketing,13608,16410,2802
Nov,Finance,8375,9657,1282
Nov,Marketing,11616,13028,1412
Jan,HR,12131,12405,274
Apr,IT,5399,7503,2104
Aug,Marketing,14415,15458,1043
Oct,Finance,13521,14197,676
Dec,Operations,9182,8131,-1051
Feb,Sales,14352,16860,2508
Sep,Finance,15967,16210,243
Jan,IT,12659,9761,-2898
Jul,Marketing,14103,13118,-985
Jan,Sales,13456,11256,-2200
Aug,Sales,17947,17931,-16
Oct,Operations,17429,16791,-638
Jun,Operations,7626,4999,-2627
Jun,IT,11491,14229,2738
Aug,HR,8197,10777,2580
Jan,Marketing,17133,15869,-1264
Jan,IT,19805,16821,-2984
Feb,Sales,9597,7877,-1720
Oct,IT,12965,14021,1056
Apr,IT,19150,16500,-2650
Apr,HR,19737,19881,144
Jan,HR,10087,8247,-1840
May,Sales,5980,8901,2921
Feb,IT,8316,9160,844
Sep,Sales,9289,12207,2918
Jun,Finance,11673,8969,-2704
May,HR,10887,11557,670
Apr,IT,15807,15345,-462
Apr,Marketing,14313,16919,2606
Oct,IT,11381,8894,-2487
Jun,Marketing,8298,9143,845
Jul,HR,19003,17826,-1177
Jan,IT,10836,9030,-1806
Aug,Operations,10341,12689,2348
Oct,IT,10412,9002,-1410
Sep,Operations,5190,5556,366
Jul,IT,13186,14811,1625
May,IT,18454,18379,-75
Mar,IT,7807,8179,372
Jan,Marketing,17758,17467,-291
Sep,IT,13554,14723,1169
Jan,Marketing,16304,16353,49
Apr,HR,5840,6346,506
Sep,Marketing,17412,15734,-1678
Mar,Finance,16399,16955,556
Aug,Finance,7014,8781,1767
Jan,IT,6266,5430,-836
May,Operations,17042,15898,-1144
Dec,Operations,18070,16990,-1080
Apr,IT,15114,13367,-1747
Apr,HR,12737,13074,337
Sep,Marketing,19981,19524,-457
Jul,Marketing,5906,3789,-2117
Mar,Sales,19487,19606,119
Jul,IT,6544,9207,2663
Dec,Marketing,12583,11705,-878
Dec,IT,9909,12851,2942
Sep,Sales,5715,3713,-2002
Oct,Finance,12604,9686,-2918
May,HR,19520,18859,-661
Jul,IT,5411,4141,-1270
Dec,HR,5120,6453,1333
Feb,Sales,9061,11529,2468
Mar,Marketing,19291,16780,-2511
Mar,HR,11160,12689,1529
Sep,IT,17082,18727,1645
Dec,Operations,13453,11456,-1997
Aug,Sales,8045,10062,2017
Jan,Marketing,15491,15481,-10
Aug,Sales,12056,13059,1003
Jan,Operations,13348,12752,-596
May,Operations,15726,15547,-179
Nov,Marketing,8895,9991,1096
Apr,Sales,14782,14616,-166
Dec,Sales,13474,13933,459
Oct,IT,18702,17582,-1120
Jun,Operations,18487,20130,1643
Mar,IT,19476,21682,2206
Sep,IT,16413,19096,2683
Feb,Finance,11270,12035,765
Aug,Sales,14041,15394,1353
Jul,Sales,5394,5806,412
Feb,Operations,8049,8572,523
Feb,Operations,9581,9456,-125
Mar,Operations,10683,12078,1395
Mar,IT,9586,11570,1984
Feb,Operations,15422,13378,-2044
Oct,Marketing,18138,17560,-578
Oct,Marketing,18405,17714,-691
Mar,Operations,18596,20929,2333
Jun,Operations,10150,11483,1333
May,Sales,9744,11396,1652
Apr,Operations,12078,11557,-521
Mar,Finance,11521,9131,-2390
Jun,Marketing,19374,19150,-224
May,HR,19699,16982,-2717
Aug,IT,18534,18949,415
Aug,HR,6708,6128,-580
Jun,HR,18508,17809,-699
Aug,Finance,7324,6023,-1301
Nov,Sales,7191,6875,-316
Feb,Sales,5339,5753,414
Nov,IT,12255,10990,-1265
Oct,Operations,13914,16835,2921
Dec,IT,8717,8051,-666
Apr,Marketing,14876,16865,1989
Aug,Marketing,13940,15056,1116
Dec,IT,13780,14083,303
Aug,Operations,19797,20950,1153
Oct,Operations,19843,18890,-953
Jul,HR,13139,13702,563
Mar,IT,9751,11818,2067
Apr,IT,8519,6698,-1821
May,IT,9997,11456,1459
Jun,HR,8619,7769,-850
May,Operations,10625,11755,1130
Jun,Marketing,11956,14329,2373
May,Marketing,17076,17292,216
May,Sales,12291,11379,-912
Mar,HR,18149,17599,-550
Aug,HR,11535,13056,1521
Sep,IT,14703,12265,-2438
Dec,Sales,13354,16239,2885
Dec,Operations,18476,17405,-1071
Nov,HR,13404,13494,90
Oct,HR,13407,13906,499
Aug,Finance,18498,18667,169
Aug,Sales,17424,15141,-2283
Oct,Sales,11776,8974,-2802
Aug,Operations,19088,17678,-1410
Aug,IT,16300,17750,1450
Jun,IT,7199,9644,2445
Aug,Marketing,6258,5603,-655
Nov,IT,6750,5831,-919
Feb,Finance,7779,10497,2718
Mar,Marketing,17599,16375,-1224
Nov,Sales,11074,12413,1339
Sep,HR,19584,20843,1259
Apr,Sales,17142,15901,-1241
May,Sales,16993,14801,-2192
Mar,Marketing,12840,11379,-1461
Mar,HR,5523,4651,-872
Mar,HR,17255,16369,-886
Jul,Sales,8970,10841,1871
Oct,Marketing,10550,8203,-2347
Jan,Marketing,18059,17009,-1050
Sep,IT,12231,13355,1124
May,HR,18106,20296,2190
Sep,Finance,13760,16394,2634
Feb,HR,16519,19032,2513
Apr,HR,9725,7533,-2192
Aug,HR,7688,7939,251
Jan,Finance,18994,17584,-1410
Feb,Marketing,9455,11680,2225
Jan,Finance,17446,17024,-422
Aug,Finance,19466,18251,-1215
Sep,Finance,10646,9525,-1121
Feb,Sales,12916,13939,1023
Sep,IT,5802,8778,2976
Aug,IT,14729,17703,2974
Mar,HR,6275,6048,-227
Apr,HR,14418,11941,-2477
Jun,Operations,17580,17292,-288
Nov,Finance,17554,18370,816
Dec,Sales,13194,11818,-1376
Sep,IT,19490,17970,-1520
Feb,HR,13385,12572,-813
Jun,HR,7511,4936,-2575
Feb,Sales,5873,5849,-24
Oct,Finance,7941,8986,1045
Jun,HR,16479,16914,435
Nov,Operations,11338,14090,2752
Mar,Sales,14483,14195,-288
Oct,HR,9645,8582,-1063
Apr,Operations,5760,6922,1162
May,Marketing,16459,16128,-331
Jul,Operations,14523,16078,1555
Mar,HR,6440,5656,-784
Dec,IT,11944,11161,-783
Apr,Sales,16407,17136,729
Feb,IT,5235,7606,2371
Aug,Marketing,18383,20053,1670
May,Sales,18014,18415,401
Dec,HR,18722,21006,2284
Jan,Marketing,15032,12670,-2362
Jun,Sales,12257,12696,439
Nov,Finance,8709,10935,2226
May,HR,10730,7977,-2753
Jul,HR,16310,15424,-886
Feb,IT,7750,10660,2910
Apr,IT,11646,14106,2460
Oct,IT,16010,16471,461
Jun,Finance,5124,5756,632
Sep,Sales,5012,5221,209
Mar,Marketing,17078,17170,92
Jan,HR,6747,4603,-2144
Mar,HR,12206,9942,-2264
Nov,Marketing,9323,7972,-1351
Aug,Sales,15235,17256,2021
Jun,Sales,13794,14994,1200
Jun,HR,11231,12692,1461
Aug,Sales,17736,16612,-1124
Jun,HR,9058,11782,2724
Jun,IT,12079,13180,1101
Jul,Operations,17368,19354,1986
Feb,Sales,9234,11228,1994
Apr,Marketing,9898,11079,1181
Dec,Finance,7365,7953,588
Mar,Finance,16971,14965,-2006
Mar,Operations,10866,13502,2636
May,HR,17551,19355,1804
Jul,Finance,9067,11079,2012
May,Operations,5848,4582,-1266
Jul,Operations,15952,18948,2996
Sep,IT,5763,3811,-1952
Apr,IT,8011,5555,-2456
Mar,Operations,6549,3606,-2943
Sep,IT,13547,12329,-1218
Jan,HR,7475,10208,2733
May,Marketing,15511,16640,1129
Nov,Finance,12250,14803,2553
May,Finance,12743,13403,660
Jun,IT,5782,6421,639
May,IT,10205,12178,1973
Jul,Finance,5578,4389,-1189
Nov,Finance,9823,9138,-685
Oct,Marketing,10714,8549,-2165
Jun,HR,11205,11407,202
Aug,Finance,19470,22093,2623
May,Marketing,5753,5988,235
Jul,Operations,11053,12240,1187
Jun,Sales,9710,10070,360
Jan,HR,7121,6870,-251
Jan,Marketing,14475,17395,2920
Aug,Finance,14271,17226,2955
May,IT,13664,10979,-2685
Jul,HR,7051,9666,2615
Jun,Marketing,6217,4783,-1434
Aug,IT,19218,21883,2665
Aug,HR,13655,11522,-2133
Mar,HR,8085,6248,-1837
Feb,Finance,8090,8042,-48
Jan,Sales,15598,18254,2656
Jul,HR,11687,9974,-1713
Dec,Operations,6822,5598,-1224
May,IT,12717,13913,1196
Feb,Marketing,9280,7380,-1900
Jun,Sales,8589,7699,-890
Jan,IT,15706,18145,2439
Apr,Finance,9549,10449,900
Dec,Finance,14295,14311,16
Nov,IT,12731,10040,-2691
Jun,IT,19077,16596,-2481
Oct,Marketing,13684,11544,-2140
Jul,Operations,19495,21602,2107
Nov,HR,17481,16066,-1415
Sep,IT,17917,16724,-1193
Apr,HR,7065,4551,-2514
Jun,Finance,10035,10699,664
Sep,Finance,10850,10921,71
Jan,Operations,14229,14146,-83
Jul,Marketing,5965,6768,803
Sep,Sales,14464,16548,2084
Jan,Sales,5931,8648,2717
Sep,IT,11487,13201,1714
May,Operations,8014,7121,-893
Nov,IT,8789,10854,2065
Apr,Marketing,7795,8310,515
May,Finance,5366,5259,-107
Aug,Marketing,7826,10811,2985
Aug,Sales,10708,11676,968
Oct,HR,6125,7873,1748
Mar,IT,5481,8371,2890
Sep,Operations,18012,18660,648
Jun,IT,7718,6458,-1260
Apr,Sales,9550,9958,408
May,Sales,6927,9331,2404
Oct,HR,6170,5545,-625
Nov,IT,11020,9608,-1412
Aug,Operations,12487,11023,-1464
Jun,Marketing,7806,5946,-1860
Feb,Finance,9858,9339,-519
Oct,Finance,6528,4735,-1793
Aug,HR,6104,3784,-2320
Oct,Operations,12940,15314,2374
Aug,Operations,14825,12467,-2358
Feb,IT,16437,13897,-2540
Jun,HR,8945,10398,1453
Apr,Marketing,19902,21179,1277
Dec,Operations,11005,8469,-2536
Aug,Sales,6416,6349,-67
Apr,HR,18737,17918,-819
Oct,IT,7762,7942,180
Jul,Sales,10210,8329,-1881
Jan,IT,6348,5834,-514
May,Finance,11085,10557,-528
Jan,Finance,8838,10564,1726
Sep,Sales,16947,15820,-1127
Feb,IT,7077,6127,-950
May,Marketing,19803,18522,-1281
Apr,Marketing,14209,17041,2832
May,Marketing,12056,12619,563
Mar,IT,14804,16603,1799
Aug,Marketing,15274,15896,622
Jun,IT,17699,18765,1066
Jun,IT,7210,7177,-33
Dec,Operations,16806,19299,2493
Apr,HR,18647,17513,-1134
Feb,HR,15849,13669,-2180
Sep,Finance,19294,17144,-2150
Jul,Operations,6955,9486,2531
Oct,Finance,14301,14863,562
May,Operations,15891,14128,-1763
Oct,HR,12230,10729,-1501
Aug,Marketing,9900,7853,-2047
Jun,Operations,9625,10103,478
Jul,Finance,17122,16260,-862
Apr,Marketing,11357,12355,998
Nov,Marketing,11757,11160,-597
Nov,Finance,12791,11569,-1222
Mar,Marketing,6291,3408,-2883
Jul,Marketing,17118,17170,52
Feb,Finance,15739,14200,-1539
Aug,Marketing,5224,6307,1083
Jan,IT,13993,11446,-2547
Mar,HR,9999,10590,591
Oct,IT,15617,17064,1447
Feb,Marketing,9152,7049,-2103
Sep,HR,12795,15359,2564
Oct,IT,14183,12927,-1256
Jun,Operations,16162,18993,2831
Sep,HR,11883,9766,-2117
May,Marketing,19395,17111,-2284
Apr,Marketing,6004,5735,-269
Nov,Operations,13962,11357,-2605
Mar,Finance,12280,11822,-458
Jun,Marketing,10172,12684,2512
May,Finance,13501,14040,539
Mar,Operations,13283,14264,981
May,Sales,9041,9066,25
May,Finance,12915,10555,-2360
Nov,IT,6430,5949,-481
Jun,Marketing,14148,15174,1026
Aug,Finance,6601,5342,-1259
Mar,Sales,19811,16964,-2847
Aug,HR,17242,15913,-1329
Jan,Finance,6124,6331,207
Jun,Operations,8881,6142,-2739
Nov,Marketing,17869,17999,130
Oct,HR,7014,9155,2141
Jan,HR,15836,15288,-548
May,HR,5369,5830,461
Jun,HR,10914,10266,-648
Mar,HR,5796,7674,1878
Apr,Finance,8197,8689,492
Oct,Marketing,5689,4476,-1213
Apr,Marketing,10548,11416,868
Apr,Sales,15312,15061,-251
Jul,Finance,13434,14256,822
Jun,Operations,8023,9274,1251
Aug,HR,14971,14566,-405
Jul,Marketing,9964,7462,-2502
Jun,Sales,11835,14469,2634
Dec,Marketing,19985,22564,2579
Jun,Finance,11423,14399,2976
Aug,Finance,16840,14956,-1884
Nov,Marketing,5449,5333,-116
Oct,IT,7404,8532,1128
Aug,HR,11920,13527,1607
Jul,Operations,12358,14586,2228
May,Marketing,10082,10242,160
Jan,HR,14048,16397,2349
Jul,Finance,15955,15656,-299
Aug,Operations,14702,14916,214
Jul,Operations,12306,10687,-1619
Mar,Finance,19119,19364,245
Mar,Operations,9413,8830,-583
Mar,Finance,8320,9983,1663
Jun,Sales,12144,12625,481
Jan,HR,15624,17630,2006
Jan,IT,6114,8524,2410
Nov,Sales,13684,11859,-1825
Jun,Marketing,14582,17455,2873
Apr,HR,14091,15819,1728
Dec,Marketing,13980,15114,1134
Nov,IT,10335,11085,750
Jun,Operations,12754,12659,-95
Jul,HR,16838,15980,-858
Jul,Sales,11701,12898,1197
Feb,HR,6080,6035,-45
Aug,IT,7970,10223,2253
Sep,IT,15553,16587,1034
Oct,HR,7324,6574,-750
Oct,IT,13236,16186,2950
Mar,IT,16792,17985,1193
Apr,Marketing,10032,8349,-1683
Nov,IT,9846,7132,-2714
Jul,Finance,8447,10169,1722
Jan,Finance,11788,12154,366
May,HR,7469,9756,2287
Jun,Marketing,11339,10284,-1055
Oct,Sales,7233,4888,-2345
Mar,Operations,6002,4628,-1374
Jun,Finance,6783,5920,-863
Feb,Sales,19834,17903,-1931
Nov,Finance,12629,14118,1489
Dec,Finance,6997,5009,-1988
Mar,Marketing,9156,8247,-909
Jul,Operations,10427,9264,-1163
Feb,HR,15815,17638,1823
Apr,Sales,19812,19091,-721
May,IT,13150,12340,-810
Feb,IT,8334,10756,2422
Feb,IT,12407,9757,-2650
Jun,Marketing,10916,8292,-2624
Nov,Operations,14331,14762,431
Mar,Sales,19048,22018,2970
Jul,HR,6344,9217,2873
Feb,Marketing,13230,12304,-926
May,Finance,13512,14999,1487
May,Marketing,5105,7975,2870
Sep,IT,8643,10375,1732
Aug,Marketing,9553,6898,-2655
Oct,Marketing,8744,10967,2223
Oct,IT,5833,7967,2134
Jul,Sales,19037,19640,603
Feb,HR,17480,16831,-649
Feb,Finance,17753,19020,1267
Oct,Operations,11917,11134,-783
Jan,Marketing,15026,15430,404
Nov,IT,16634,18668,2034
May,Sales,5221,6362,1141
Mar,Sales,15687,17572,1885
Jul,Operations,19798,19379,-419
Nov,IT,17408,14562,-2846
May,HR,12920,12169,-751
Oct,Operations,12020,14877,2857
Mar,Sales,16295,14785,-1510
Dec,Marketing,18050,16623,-1427
May,Operations,17003,17198,195
Apr,IT,7626,8425,799
Oct,Operations,14217,13036,-1181
Oct,Finance,10474,7572,-2902
Jun,Marketing,9899,9958,59
Mar,HR,19114,17830,-1284
Jan,Marketing,6230,7687,1457
Jan,Sales,18400,20706,2306
Aug,Sales,19138,17229,-1909
Apr,HR,10574,8484,-2090
Mar,Finance,10468,11330,862
Jun,HR,8495,11135,2640
Apr,Sales,16207,14562,-1645
Jun,Sales,7447,8007,560
Jun,HR,16460,14691,-1769
Apr,Finance,5666,8219,2553
Dec,Marketing,17825,15071,-2754
Jan,HR,19911,22400,2489
Aug,HR,6778,8474,1696
Feb,Marketing,16207,18817,2610
Dec,HR,11178,10687,-491
Aug,HR,8961,8321,-640
Jul,HR,5449,5098,-351
Dec,HR,8316,9801,1485
Jan,Operations,10894,10076,-818
Sep,Marketing,5155,2510,-2645
Dec,Finance,10977,9523,-1454
Oct,IT,18585,20502,1917
Nov,Sales,13923,14424,501
Dec,IT,15713,13575,-2138
Jul,Marketing,11732,10733,-999
Mar,HR,13817,13306,-511
Jan,Finance,7581,5315,-2266
Nov,Finance,12873,12905,32
Jul,HR,11311,13234,1923
Sep,Sales,6260,7674,1414
Feb,IT,17609,14912,-2697
Aug,Finance,10633,9995,-638
Dec,Sales,5642,4249,-1393
Aug,Operations,15224,17029,1805
Mar,Operations,12107,13228,1121
Sep,HR,14446,12119,-2327
Jun,IT,6985,5644,-1341
Jun,IT,7713,7931,218
Sep,HR,11443,12738,1295
Sep,HR,14951,13206,-1745
Sep,Finance,14697,14285,-412
Mar,HR,10660,13013,2353
Feb,Operations,9294,7464,-1830
Mar,Operations,9673,10768,1095
Oct,IT,7731,6658,-1073
Jan,HR,10462,9878,-584
Nov,HR,11034,12490,1456
Apr,Sales,6480,6829,349
May,HR,13271,13088,-183
Mar,IT,6718,6816,98
Apr,IT,12181,13796,1615
Apr,Finance,15961,18507,2546
Jul,IT,17808,18731,923
Aug,HR,17869,19364,1495
Mar,HR,5041,7783,2742
Jul,Marketing,18770,19884,1114
Oct,IT,7715,8365,650
Dec,Operations,18055,19635,1580
Mar,Finance,8036,5567,-2469
Jul,Sales,5646,7752,2106
Apr,Finance,18769,19125,356
Nov,IT,14702,16476,1774
Mar,Operations,9928,10202,274
Jul,Finance,19844,20468,624
Feb,Finance,16743,16794,51
Jun,Operations,10966,10991,25
Apr,Operations,15442,15427,-15
May,Operations,10310,7369,-2941
Oct,Sales,19239,16710,-2529
Apr,Operations,18896,18477,-419
Apr,Finance,7494,5356,-2138
Oct,Finance,5646,4363,-1283
May,Marketing,14262,11623,-2639
Jun,IT,8523,6101,-2422
Nov,Operations,19396,19319,-77
Mar,Operations,8083,5461,-2622
Jul,IT,19667,22193,2526
Nov,IT,14430,14304,-126
Jul,HR,17777,15598,-2179
Jul,Sales,5369,4716,-653
Apr,Finance,13066,14494,1428
May,Marketing,8710,10981,2271
Oct,Marketing,10330,8102,-2228
Jul,Sales,15838,14135,-1703
May,HR,10394,9515,-879
Apr,Operations,12904,9975,-2929
Sep,Operations,12237,14265,2028
Sep,Operations,14257,14195,-62
Aug,HR,10416,10749,333
Sep,Operations,8961,7322,-1639
Feb,Finance,15966,15510,-456
Mar,IT,19983,19009,-974
Feb,Operations,15858,16826,968
Aug,Sales,5957,7421,1464
Aug,Sales,12281,14900,2619
Sep,Marketing,14984,14791,-193
Jan,Sales,17137,18288,1151
Jun,Sales,15024,15528,504
Jun,Sales,7483,5865,-1618
Nov,Marketing,16663,14379,-2284
Jul,Sales,6739,7860,1121
Sep,Marketing,16602,18222,1620
Dec,Sales,10588,10838,250
May,IT,7067,4509,-2558
Dec,Finance,7803,9468,1665
Aug,IT,13614,12733,-881
Feb,IT,14436,16838,2402
May,HR,17075,15562,-1513
Jan,Marketing,14697,12493,-2204
Nov,HR,5959,5676,-283
Mar,Marketing,11885,9572,-2313
Feb,IT,17779,17121,-658
Apr,IT,9940,9547,-393
Dec,HR,12283,9911,-2372
Aug,Operations,18858,16951,-1907
Aug,Finance,12002,11156,-846
Jul,HR,12834,9990,-2844
Apr,HR,11075,8226,-2849
Nov,Operations,18159,18045,-114
Apr,Finance,17822,18990,1168
Dec,HR,7970,10640,2670
May,Operations,12480,14853,2373
Aug,HR,16166,18740,2574
Feb,Finance,18242,18436,194
Sep,Sales,17708,16735,-973
Mar,IT,16538,13849,-2689
Sep,Finance,16474,16956,482
Mar,Finance,14030,16212,2182
Aug,Marketing,18082,20044,1962
Oct,IT,17185,15318,-1867
Apr,Finance,7942,8618,676
Oct,Marketing,16794,18668,1874
Sep,Marketing,9411,9087,-324
Jun,Finance,9145,7667,-1478
Oct,HR,8609,8103,-506
Jul,Sales,5494,6365,871
Aug,HR,16869,17413,544
Dec,Operations,10070,11910,1840
Dec,IT,11645,11532,-113
Mar,IT,12791,13859,1068
Nov,Operations,18279,16976,-1303
Oct,Marketing,5168,4213,-955
Oct,Operations,9180,7403,-1777
Apr,HR,11726,12128,402
Mar,Sales,8790,9021,231
Dec,HR,5436,2778,-2658
Oct,HR,8622,5776,-2846
May,Sales,12542,10877,-1665
Jun,Finance,18599,20380,1781
Oct,Marketing,19918,19409,-509
Jun,Sales,13092,14006,914
Mar,Sales,19139,21689,2550
Nov,Finance,11281,10878,-403
May,IT,7618,7613,-5
Mar,Operations,14432,14813,381
May,Sales,5310,3349,-1961
Aug,Operations,8121,7240,-881
Oct,HR,6966,4987,-1979
Nov,Marketing,19910,20337,427
Mar,IT,19500,19326,-174
Apr,Sales,16589,19498,2909
Jul,IT,7926,10375,2449
Aug,IT,7771,6019,-1752
Mar,Operations,7279,8177,898
Jan,Marketing,15661,14113,-1548
Aug,Marketing,15367,12463,-2904
Jul,HR,14383,14194,-189
Dec,HR,7362,9743,2381
Dec,Operations,14181,15684,1503
Dec,Sales,12389,12226,-163
Jul,HR,6666,8654,1988
Jul,HR,11557,10000,-1557
Mar,Sales,15341,14104,-1237
Apr,Finance,5618,5540,-78
Nov,Finance,11173,10663,-510
Aug,IT,9749,7493,-2256
Oct,Operations,7191,7011,-180
Apr,Finance,11236,9282,-1954
Mar,HR,5400,3458,-1942
Jul,Finance,11957,12877,920
Oct,Marketing,13114,14334,1220
Nov,Finance,9801,11051,1250
Mar,Marketing,7960,9608,1648
May,Operations,12437,14530,2093
Apr,Sales,16419,14659,-1760
Mar,HR,15694,17647,1953
Sep,Marketing,18828,16480,-2348
Dec,Finance,19623,21564,1941
May,Operations,11836,9254,-2582
Oct,Finance,17126,14484,-2642
Mar,IT,8750,7772,-978
Feb,Marketing,12721,13701,980
Dec,Sales,16125,16779,654
Oct,IT,5933,6302,369
Jul,Finance,9523,6980,-2543
May,IT,16786,14708,-2078
Sep,Sales,8540,7380,-1160
Nov,Operations,19168,22138,2970
Aug,Operations,6993,8995,2002
Jul,Sales,12264,11050,-1214
Aug,IT,18106,17375,-731
Feb,IT,12257,10817,-1440
Apr,Marketing,19657,17219,-2438
May,HR,5938,7778,1840
Dec,IT,9254,10680,1426
Sep,Sales,17560,19997,2437
Jan,Operations,17093,14428,-2665
Feb,Sales,15263,14840,-423
Jun,Marketing,15500,15613,113
Mar,Operations,5377,3051,-2326
Aug,IT,10387,10900,513
Nov,HR,7792,7470,-322
Sep,Marketing,8947,7896,-1051
Jul,Finance,12890,11668,-1222
Dec,Finance,18789,21435,2646
Feb,HR,5481,8000,2519
Jun,IT,8401,8654,253
Aug,Finance,16272,15288,-984
Dec,Marketing,19252,19483,231
Aug,Operations,16657,14474,-2183
Apr,Operations,9437,9777,340
Jul,Marketing,5599,7404,1805
Aug,HR,8765,10109,1344
Jun,IT,6620,4940,-1680
Feb,HR,11624,11352,-272
Aug,Operations,7028,9628,2600
Jun,Marketing,12600,12590,-10
Feb,Marketing,15360,17530,2170
Sep,Finance,11086,14071,2985
Mar,HR,12703,9950,-2753
Feb,Operations,14605,14178,-427
Aug,HR,16065,18154,2089
Feb,Sales,16808,15679,-1129
Dec,Finance,15237,15106,-131
Sep,IT,8978,9327,349
Jun,HR,17737,15146,-2591
Oct,IT,9979,12067,2088
Sep,Marketing,5775,5256,-519
Jun,Sales,5078,7630,2552
Jun,Finance,17219,15481,-1738
Sep,IT,19858,20127,269
Mar,Sales,15210,13092,-2118
Feb,HR,14983,17827,2844
Apr,HR,13294,12268,-1026
Oct,IT,12082,9524,-2558
Apr,Operations,12470,12126,-344
Jun,Operations,15285,13685,-1600
Jul,Marketing,19262,21612,2350
Oct,Marketing,18791,16156,-2635
Sep,Finance,8737,7686,-1051
Apr,Marketing,7561,10326,2765
Aug,Finance,8905,7507,-1398
May,Sales,6012,8109,2097
Mar,Marketing,16524,18197,1673
Dec,Finance,10275,13126,2851
Mar,Operations,13550,13497,-53
May,IT,6179,8568,2389
Aug,Operations,13911,11019,-2892
Dec,Finance,12134,10649,-1485
May,HR,18882,16720,-2162
Feb,Sales,8473,10738,2265
Mar,HR,8473,8763,290
Aug,Operations,11781,13842,2061
Aug,Finance,16580,15873,-707
May,Sales,8648,6527,-2121
Dec,HR,8750,11493,2743
Dec,Sales,16782,17307,525
Nov,Operations,14775,13287,-1488
Jun,Marketing,18468,16868,-1600
Apr,Finance,16336,18086,1750
Feb,Operations,10920,11624,704
Aug,IT,11632,14014,2382
Nov,IT,8988,7632,-1356
Mar,IT,14675,15671,996
Aug,Finance,14210,11508,-2702
Jul,IT,11252,12997,1745
Jun,Sales,11762,9457,-2305
Nov,HR,16804,16696,-108
Dec,Finance,14791,14095,-696
Dec,HR,11302,10153,-1149
Oct,Sales,9119,7994,-1125
Sep,Operations,12167,14880,2713
Oct,HR,15239,15369,130
May,Marketing,8437,8577,140
Oct,Operations,8013,8791,778
Jun,Sales,6725,6447,-278
Oct,Operations,13845,12155,-1690
Dec,HR,8273,9165,892
May,HR,8857,10958,2101
Aug,Marketing,13739,13218,-521
Jan,IT,6751,5530,-1221
Dec,Operations,5399,3138,-2261
May,Marketing,6397,6938,541
Jun,Sales,19004,17080,-1924
Nov,Operations,9211,10202,991
Aug,Operations,7847,5061,-2786
Mar,Sales,7633,7703,70
May,Sales,5352,6746,1394
Feb,Sales,12142,14152,2010
Jan,HR,8462,5795,-2667
Sep,Operations,12056,11487,-569
May,IT,15167,13362,-1805
Dec,Sales,19854,19500,-354
Mar,HR,14026,11027,-2999
Dec,HR,7662,7412,-250
Oct,Sales,12847,9965,-2882
Feb,Marketing,10904,11711,807
Aug,Sales,9195,7487,-1708
Oct,Sales,7306,9035,1729
Mar,Finance,15585,16555,970
Jun,IT,17978,15115,-2863
Sep,Sales,5060,5029,-31
Nov,Finance,18494,20498,2004
Oct,Operations,8850,11759,2909
May,Finance,8861,7770,-1091
Aug,HR,17859,20413,2554
Jul,HR,13462,11271,-2191
Apr,Sales,17620,17744,124
Jun,HR,16526,18887,2361
Mar,Marketing,17877,20124,2247
Dec,IT,7572,9611,2039
Oct,Finance,15179,16028,849
Mar,Sales,11290,14132,2842
Oct,Sales,6330,9201,2871
Aug,Operations,5508,4377,-1131
Oct,Operations,11065,10931,-134
Jul,Finance,11827,13247,1420
Aug,Operations,5645,7257,1612
Oct,IT,14098,15970,1872
Jun,Finance,17432,16925,-507
Nov,Sales,7675,7527,-148
Apr,Marketing,5195,6854,1659
Nov,IT,18554,15716,-2838
Aug,Marketing,11138,9624,-1514
Feb,Operations,9785,10589,804
Jun,Operations,6726,4434,-2292
Jul,Operations,14951,14451,-500
Nov,IT,5961,3341,-2620
Jul,Sales,18869,18188,-681
Mar,Marketing,15701,18308,2607
Jul,Operations,6899,4193,-2706
Dec,HR,8041,6762,-1279
Oct,HR,14741,14447,-294
Jun,Sales,10153,10974,821
Aug,Operations,16778,14773,-2005
Feb,Sales,8149,8192,43
Jul,HR,17220,16326,-894
Jun,Marketing,17259,15271,-1988
Oct,Operations,11225,9076,-2149
Dec,Marketing,10162,12625,2463
Dec,Operations,17628,19458,1830
Sep,Sales,14795,16773,1978
Jan,HR,17243,16220,-1023
Aug,Marketing,15565,17570,2005
Apr,Sales,14152,12445,-1707
Jan,Operations,13466,11170,-2296
Oct,HR,7373,6305,-1068
May,HR,12274,10005,-2269
Jan,HR,7577,9686,2109
Sep,Finance,10507,11665,1158
Aug,Finance,5607,5751,144
Dec,Sales,17610,16008,-1602
Nov,Marketing,15202,17466,2264
Apr,Sales,16090,13632,-2458
Jan,IT,18955,20843,1888
Dec,Operations,11600,13178,1578
Jan,Operations,19837,21832,1995
Aug,Sales,8684,10741,2057
Feb,Operations,15158,16764,1606
Mar,IT,14027,11036,-2991
Jul,HR,13947,15782,1835
Sep,Sales,10571,9327,-1244
Aug,HR,15748,18380,2632
Nov,IT,15805,16172,367
May,HR,11590,10889,-701
Sep,Finance,17214,17051,-163
Sep,HR,13428,14340,912
Aug,HR,10320,11337,1017
Feb,HR,15359,13160,-2199
May,HR,8221,7500,-721
Jun,Finance,14320,13114,-1206
Mar,Sales,19324,17568,-1756
Aug,Operations,12236,11028,-1208
Oct,Sales,16517,13749,-2768
Apr,Sales,19771,19864,93
Apr,Sales,8108,9010,902
Sep,Finance,19552,18698,-854
Apr,Finance,19586,20576,990
Dec,HR,18221,15493,-2728
Dec,Sales,7032,8441,1409
Oct,Operations,8114,10752,2638
Nov,Operations,15383,14369,-1014
Dec,Sales,11432,13508,2076
May,Finance,7063,8418,1355
May,Operations,9106,10831,1725
Apr,Operations,17556,15941,-1615
Apr,Sales,5789,5669,-120
Dec,IT,12659,13491,832
Mar,IT,16910,15038,-1872
Jun,Marketing,8453,8922,469
Nov,Sales,17251,16721,-530
Nov,Operations,14809,14536,-273
Sep,IT,5080,7370,2290
Jun,HR,18062,20433,2371
Jul,IT,10917,8247,-2670
Apr,Operations,5089,5299,210
May,IT,6227,8442,2215
Dec,Sales,16383,14882,-1501
May,Operations,6163,8428,2265
Aug,Finance,5849,5467,-382
Dec,Sales,12825,12620,-205
Apr,IT,5505,7017,1512
Nov,HR,5389,4276,-1113
Mar,HR,19578,17167,-2411
Jun,Finance,9572,8686,-886
Nov,Finance,7600,5165,-2435
Oct,Operations,19637,22459,2822
Oct,HR,15249,15659,410
Aug,Marketing,8043,6011,-2032
Dec,Operations,7355,7327,-28
Dec,Sales,12597,11344,-1253
Oct,Finance,6947,4584,-2363
Nov,Finance,8547,8541,-6
Jan,Marketing,6141,4451,-1690
Feb,HR,18787,17883,-904
Jan,IT,13672,14473,801
Jan,HR,7376,7699,323
Aug,Operations,10122,8836,-1286
Feb,Operations,5801,6490,689
Jun,Marketing,6288,5780,-508
Aug,Marketing,7422,5763,-1659
Jun,IT,13562,11954,-1608
Feb,Sales,12637,10344,-2293
Mar,Marketing,8916,9239,323
Jan,Operations,17456,20053,2597
Jun,IT,11676,10979,-697
Oct,Sales,19129,17259,-1870
Feb,Finance,18131,19881,1750
Mar,Sales,8788,6130,-2658
Apr,IT,10128,10443,315
Jul,Marketing,11362,13396,2034
Dec,IT,16457,15519,-938
Jul,Marketing,6246,6895,649
Mar,IT,11309,14110,2801
Mar,Marketing,7139,5094,-2045
Oct,Finance,5825,8309,2484
Jun,Sales,17437,17951,514
Oct,Marketing,12962,13958,996
Apr,HR,17112,15004,-2108
May,Operations,6052,6504,452
Feb,Sales,17432,19154,1722
Jul,Finance,5472,6422,950
May,Marketing,11383,10806,-577
Oct,Finance,12816,13819,1003
Mar,Finance,8285,5955,-2330
May,HR,15846,17276,1430
Nov,Operations,15386,12644,-2742
Oct,IT,7352,10158,2806
Jul,HR,16754,19123,2369
Dec,Finance,19073,21787,2714
Aug,HR,8375,8106,-269
Mar,Operations,13622,15617,1995
Nov,Marketing,6825,3915,-2910
Jun,HR,7052,7522,470
Sep,Operations,12581,11710,-871
Feb,IT,9269,11425,2156
Mar,Marketing,5194,3185,-2009
Oct,Sales,18846,16460,-2386
Nov,Operations,8551,5916,-2635
Dec,Finance,8102,5498,-2604
Feb,HR,16622,17838,1216
May,HR,9918,12913,2995
Oct,IT,11192,9194,-1998
Dec,Marketing,18575,20965,2390
May,Finance,11381,12926,1545
Feb,HR,15811,18653,2842
Dec,Operations,10364,12474,2110
Jan,Marketing,6768,6333,-435
Jun,IT,9474,9643,169
Sep,IT,9841,8901,-940
Apr,IT,13077,14053,976
Jul,Operations,16797,17667,870
Sep,HR,14082,16492,2410
May,Sales,7830,5718,-2112
Sep,Finance,7675,10224,2549
Sep,Sales,6976,4623,-2353
Jun,Sales,7989,6269,-1720
May,Sales,11877,9162,-2715
Jun,HR,6424,4350,-2074
May,Marketing,11135,9020,-2115
Jul,Sales,17945,17560,-385
Nov,IT,13760,12809,-951
Sep,IT,18541,20820,2279
Apr,Sales,13378,11158,-2220
Mar,Operations,14494,17195,2701
Jun,IT,5245,3888,-1357
Feb,IT,6370,5133,-1237
Nov,Operations,8893,9992,1099
Dec,Marketing,11921,10174,-1747
Jan,Finance,6036,4427,-1609
Nov,Marketing,19393,21611,2218
Jun,IT,18659,17907,-752
Oct,IT,6568,8525,1957
Jul,Finance,7701,8997,1296
Sep,Marketing,18569,17653,-916
Feb,HR,13227,12489,-738
May,HR,18505,19657,1152
Feb,HR,19442,20943,1501
Dec,IT,11525,13151,1626
Apr,Marketing,7958,7716,-242
Apr,IT,12553,14138,1585
Jul,Sales,12825,15245,2420
Sep,Marketing,10786,13480,2694
Sep,Marketing,17290,14403,-2887
Jul,Sales,12085,13567,1482
Jul,IT,19462,19861,399
Jun,HR,6605,8116,1511
Apr,Sales,13282,13926,644
Jul,Sales,6412,8640,2228
Jan,Sales,6024,4394,-1630
May,IT,18749,16914,-1835
Feb,Sales,15378,18355,2977
Apr,Marketing,15154,15272,118
Sep,Marketing,8448,10854,2406
Feb,HR,6661,3691,-2970
Oct,IT,9205,7265,-1940
Apr,HR,13769,14312,543
Aug,Sales,10133,11570,1437
Jan,Operations,11021,8760,-2261
Feb,IT,10701,8484,-2217
Feb,Operations,13681,15009,1328
Nov,Marketing,7562,5957,-1605
Jan,HR,17167,18300,1133
Apr,Operations,14743,13833,-910
May,HR,15496,15953,457
Sep,Marketing,18040,16693,-1347
Jun,Finance,18756,17488,-1268
Jan,HR,7767,7104,-663
Nov,Sales,16958,15343,-1615
Oct,Finance,10985,12277,1292
Jan,Finance,8424,7055,-1369
Sep,Finance,9990,10008,18
Feb,Sales,9936,8713,-1223
Apr,IT,13569,16474,2905
Oct,HR,14277,13080,-1197
Oct,Sales,5015,7118,2103
Jul,Operations,14023,16165,2142
Feb,IT,10388,10990,602
Sep,Finance,11692,10372,-1320
May,IT,8484,10470,1986
Aug,Sales,8399,9446,1047
Feb,Marketing,6984,7302,318
Mar,Operations,14531,17496,2965
Feb,Operations,17692,18867,1175
Jun,Marketing,6104,9069,2965
Sep,HR,14450,11834,-2616
Jul,IT,19841,19356,-485
Sep,HR,14448,16488,2040
Jan,Sales,19197,21722,2525
Jan,Finance,16247,18118,1871
Apr,IT,6906,9741,2835
Jul,IT,12550,11653,-897
Jul,Marketing,9653,8574,-1079
Dec,IT,18160,19024,864
Aug,Sales,10294,9322,-972
May,Sales,6744,7857,1113
Sep,Sales,13290,13934,644
Oct,Finance,5022,7514,2492
Feb,HR,19304,18512,-792
Mar,IT,16593,16745,152
Sep,Sales,9586,10583,997
Dec,HR,19725,19687,-38
Aug,Finance,18552,18244,-308
Jan,Marketing,16406,14565,-1841
Sep,IT,11426,11792,366
Jan,HR,5499,3977,-1522
Aug,Marketing,19843,20112,269
May,Operations,13874,14656,782
May,Finance,10656,9674,-982
Dec,IT,18050,20918,2868
Oct,IT,7019,6241,-778
Mar,IT,15235,14775,-460
Sep,Finance,12264,15236,2972
Oct,Marketing,7295,7101,-194
Dec,Marketing,9691,11854,2163
Dec,Sales,6153,6069,-84
Nov,Finance,12939,14411,1472
Jun,Finance,15411,15574,163
Jun,Operations,15714,15730,16
Nov,Operations,13110,10888,-2222
Nov,Finance,12182,9604,-2578
Jun,Sales,5867,5994,127
May,Operations,19906,19198,-708
Apr,HR,15603,18146,2543
Feb,HR,15304,13526,-1778
Jun,Marketing,17022,18578,1556
Feb,Operations,12606,12991,385
Sep,Finance,18904,20146,1242
Sep,Sales,17329,18056,727
Mar,Marketing,17217,18980,1763
Nov,Sales,14760,15032,272
Mar,Finance,15591,12973,-2618
Jun,Sales,12735,14185,1450
Feb,Marketing,14976,13365,-1611
Jun,IT,11900,11651,-249
Apr,Operations,15248,12901,-2347
May,IT,5381,6939,1558
Jul,Finance,16072,17474,1402
Dec,Operations,18357,20473,2116
Apr,Marketing,8135,8645,510
Nov,Marketing,18436,17271,-1165
Sep,Sales,14231,17018,2787
Jul,HR,9200,9029,-171
Nov,IT,8470,8515,45
Aug,Operations,5749,3811,-1938
Jul,Marketing,16073,16766,693
Feb,IT,11713,10290,-1423
Feb,IT,15688,15801,113
Mar,Sales,17469,18718,1249
Nov,Sales,8524,11358,2834
Jul,Finance,6803,4861,-1942
Aug,Operations,14820,17354,2534
Jun,HR,12389,14830,2441
Apr,Finance,14059,15913,1854
Feb,Marketing,10167,10685,518
May,Operations,14114,15031,917
May,Finance,6407,9332,2925
Oct,Finance,13131,11463,-1668
May,Finance,13318,12201,-1117
Aug,IT,15493,13599,-1894
Dec,Sales,7522,7233,-289
Oct,HR,15488,13210,-2278
Mar,HR,9713,9970,257
May,Sales,14561,17268,2707
Jun,Marketing,7843,5842,-2001
Jun,IT,13653,16196,2543
Feb,HR,6422,5353,-1069
Nov,HR,5605,7370,1765
Jan,Finance,15625,13856,-1769
Jan,Sales,6868,5117,-1751
Apr,Operations,15498,13178,-2320
Feb,Sales,16237,13460,-2777
Jan,HR,9276,7367,-1909
Sep,Operations,12693,13694,1001
May,HR,11748,11071,-677
Nov,HR,7985,6116,-1869
Feb,HR,16520,17669,1149
Jun,Sales,19165,16889,-2276
Oct,Marketing,5877,5923,46
Apr,Finance,12590,12714,124
Jul,Sales,17175,18611,1436
Oct,Sales,10645,12427,1782
Jan,Sales,14784,12703,-2081
Mar,Sales,13104,10243,-2861
Dec,Marketing,7788,6687,-1101
Feb,Operations,11127,10172,-955
Apr,IT,9061,10789,1728
Nov,Finance,18805,21540,2735
Jun,Operations,11695,8978,-2717
Apr,Operations,7511,4663,-2848
Feb,IT,16047,17123,1076
Jul,HR,6754,7958,1204
Apr,Sales,13959,12942,-1017
Feb,IT,6547,4055,-2492
Dec,HR,10167,11341,1174
Jun,HR,9394,9090,-304
Jan,Marketing,5400,5202,-198
Aug,Operations,16607,16382,-225
Mar,Operations,14072,11280,-2792
Sep,Marketing,17876,20417,2541
Jan,IT,17103,18125,1022
Aug,Marketing,8674,7178,-1496
Feb,HR,5385,5270,-115
Oct,IT,15141,14119,-1022
May,Operations,19367,17889,-1478
Dec,Sales,18404,15970,-2434
Aug,Finance,9590,10982,1392
May,Sales,5659,5851,192
Mar,Sales,12470,10014,-2456
Sep,Finance,13676,13432,-244
May,Sales,18556,18759,203
Nov,Marketing,8768,10244,1476
Jun,Marketing,7682,9998,2316
Jun,Sales,17316,20118,2802
Sep,IT,14017,12078,-1939
Oct,Marketing,16288,14343,-1945
Mar,Marketing,15536,14448,-1088
Jun,Finance,8199,7188,-1011
Aug,Sales,13556,10967,-2589
Dec,IT,14050,13927,-123
Apr,Sales,13199,14338,1139
Feb,Operations,16870,15322,-1548
Oct,Marketing,15504,16910,1406
Jan,Operations,18044,18876,832
Apr,Operations,18153,16558,-1595
Jun,IT,5747,5022,-725
Nov,HR,18163,20447,2284
Sep,Finance,12434,14937,2503
May,Marketing,17227,15164,-2063
Aug,HR,14984,12211,-2773
Dec,Sales,12181,9309,-2872
Dec,IT,7269,8476,1207
Mar,Operations,8787,8876,89
Apr,IT,17911,19471,1560
Jan,IT,5466,4859,-607
Jun,Sales,18497,19451,954
Aug,IT,16409,15035,-1374
Jun,Sales,18137,17831,-306
Jul,HR,16791,13903,-2888
Nov,Marketing,12194,10478,-1716
Feb,Sales,8008,10847,2839
Jan,IT,12326,13241,915
Aug,Sales,16515,15541,-974
Jan,IT,6290,8720,2430
Mar,Sales,6068,6526,458
Mar,Sales,10104,8023,-2081
Feb,Marketing,16050,14893,-1157
Nov,Sales,14059,11381,-2678
Feb,IT,18506,16182,-2324
Feb,Finance,9099,11282,2183
Jan,Operations,17062,15760,-1302
Mar,HR,18482,17906,-576
Jun,IT,18070,20385,2315
Oct,IT,8231,6046,-2185
Mar,Marketing,13668,14326,658
Jul,Operations,6210,7859,1649
Aug,Operations,10942,11286,344
Aug,Marketing,7446,5073,-2373
Apr,Marketing,15327,15350,23
Mar,IT,11524,12655,1131
Sep,Marketing,11030,8541,-2489
Dec,Marketing,14494,15376,882
Sep,Operations,14490,12258,-2232
May,IT,16637,16344,-293
Jul,Marketing,15085,13186,-1899
Sep,Sales,8609,7927,-682
Dec,IT,6793,5080,-1713
Jun,HR,6062,6860,798
Oct,HR,7257,6334,-923
Sep,Marketing,17575,18591,1016
Oct,IT,10376,9778,-598
Aug,Marketing,8838,10445,1607
Mar,Operations,8428,10986,2558
Apr,Sales,10287,13169,2882
Mar,Sales,8826,11028,2202
May,Finance,18188,18440,252
Aug,Marketing,16591,18797,2206
Dec,HR,8765,5909,-2856
Jul,Sales,15222,13593,-1629
Apr,Sales,8506,8986,480
Feb,Marketing,18841,21223,2382
Sep,Operations,17333,14937,-2396
Dec,Sales,19562,20012,450
Sep,IT,17186,15539,-1647
Sep,Finance,16705,14012,-2693
Jun,HR,7251,9712,2461
May,HR,10934,13380,2446
Jul,Marketing,13552,11259,-2293
Dec,IT,13000,10743,-2257
Sep,Sales,12588,11650,-938
May,Sales,8956,6494,-2462
Feb,IT,7681,4934,-2747
Apr,Finance,13244,15808,2564
Feb,Marketing,5646,7382,1736
Aug,Sales,9509,11772,2263
Apr,Operations,6265,5505,-760
Jul,Operations,15247,17867,2620
Oct,Sales,16174,16083,-91
Dec,IT,8293,8314,21
Jun,IT,18807,20082,1275
Feb,IT,12169,11477,-692
Jul,HR,17814,17511,-303
Feb,Finance,16082,18308,2226
Feb,IT,8759,8628,-131
Jun,Marketing,14880,17376,2496
Aug,Finance,19803,21872,2069
Jan,Finance,9908,8740,-1168
Dec,Sales,7824,7106,-718
Feb,Operations,17222,17198,-24
Apr,Marketing,8816,10090,1274
Jan,HR,14506,11598,-2908
Nov,IT,14978,17154,2176
Jan,HR,9105,11161,2056
Apr,HR,7513,4747,-2766
Sep,IT,11191,11524,333
Mar,Marketing,6746,7081,335
Sep,HR,9594,7575,-2019
Jul,Finance,11984,12739,755
Jul,Finance,7034,8860,1826
Feb,HR,11866,11866,0
Mar,IT,13052,14186,1134
May,Operations,15134,18030,2896
Mar,HR,5716,8276,2560
Aug,Operations,17940,20454,2514
Feb,Operations,8108,6662,-1446
Aug,Finance,11538,10123,-1415
May,IT,6872,7511,639
Aug,Finance,14406,14126,-280
Oct,IT,17181,14224,-2957
May,IT,9053,7925,-1128
Jun,HR,6658,9032,2374
Aug,IT,19009,21203,2194
May,Operations,17420,15090,-2330
Feb,Finance,7842,7336,-506
Nov,IT,6255,9254,2999
Oct,Finance,13446,13067,-379
May,Finance,11526,9719,-1807
Jun,Marketing,15202,16062,860
Mar,HR,6104,7047,943
Mar,HR,15822,15483,-339
Sep,HR,17801,15160,-2641
Jan,Operations,19133,18741,-392
Oct,Operations,14798,16514,1716
Mar,HR,6361,3785,-2576
Nov,Sales,7194,7692,498
Feb,Finance,14714,16131,1417
Dec,HR,18783,18634,-149
Nov,Operations,5393,4452,-941
Dec,Marketing,14782,14812,30
Feb,IT,17519,15946,-1573
Jan,Sales,15316,14139,-1177
Jan,IT,18070,15668,-2402
Jan,Marketing,5977,8685,2708
Nov,IT,9672,9242,-430
Sep,IT,6800,8651,1851
Jan,Operations,6951,3960,-2991
Jan,HR,11015,9985,-1030
Apr,HR,9264,10975,1711
Sep,Finance,5515,4134,-1381
Jun,HR,8062,8748,686
Mar,Marketing,7453,6722,-731
Jul,HR,7607,8936,1329
Feb,Sales,10689,13631,2942
Mar,IT,13939,12598,-1341
Mar,Finance,11507,10802,-705
Jun,Operations,12067,11485,-582
Oct,Operations,19854,17798,-2056
May,Finance,14879,14154,-725
May,Marketing,18026,18968,942
Oct,Finance,15361,12862,-2499
May,Operations,8528,10005,1477
Jan,Operations,9159,10728,1569
Oct,IT,7574,9767,2193
Jun,Marketing,15613,13179,-2434
Mar,IT,8816,11490,2674
Nov,IT,5713,5150,-563
Jan,Operations,16662,18654,1992
Sep,HR,8315,7489,-826
Dec,IT,12221,13320,1099
Mar,Operations,8543,8694,151
Aug,Finance,7109,8751,1642
Feb,Finance,13667,15868,2201
Jul,Marketing,16648,15759,-889
Jan,Operations,14040,15058,1018
Sep,IT,5851,7374,1523
Jul,Operations,16360,14521,-1839
Jan,HR,16779,19729,2950
Jan,HR,16815,15871,-944
Dec,Marketing,18472,16195,-2277
Jun,Marketing,8302,5637,-2665
Aug,IT,12242,9844,-2398
Mar,Sales,18831,18817,-14
Oct,Finance,12819,15194,2375
Mar,Finance,12603,11358,-1245
May,Finance,18329,19721,1392
Sep,Finance,12519,13077,558
Jun,Finance,10390,7541,-2849
Jan,IT,13781,16619,2838
Aug,Operations,19297,22002,2705
Feb,IT,18622,18204,-418
Sep,Operations,19248,18810,-438
Apr,Finance,11519,11761,242
Jul,IT,9331,8883,-448
